# timer-PC diagnostic; CPU PID USER PC HITS
# cpu=0 samples=2439 lost=0
0 221 0 be0daa86 1
0 221 0 be0cfaee 1
0 221 0 be080322 1
0 35 0 c081b73a 121
0 221 0 a11be2e0 2
0 221 0 be1a7c8e 3
0 221 0 be1aa364 1
0 35 0 be104d24 1
0 221 0 be0cf7a4 1
0 221 0 a11bd902 1
0 221 0 be0cffd8 1
0 221 0 be07fb86 1
0 221 0 be1a7b86 1
0 35 0 be0dd91c 1
0 221 0 a11b9166 1
0 35 0 be104d10 2
0 221 0 be1a6bac 1
0 221 0 be08d282 1
0 221 0 be0773e0 18
0 221 0 be0d9ab6 1
0 221 0 be080788 1
0 221 0 be0cfdb4 7
0 221 0 be0ab236 9
0 221 0 be0d0c86 1
0 78 1 691269a2 1
0 221 0 c0817478 1
0 221 0 be078d14 1
0 35 0 c0031b72 1
0 221 0 c007214a 1
0 221 0 c0816ef6 3
0 35 0 c0438b0a 1
0 221 0 be1aad56 1
0 35 0 be0801ba 3
0 221 0 be0bbb02 4
0 221 0 be0762fe 1
0 221 0 c044c834 5
0 221 0 be0da992 1
0 35 0 a11bb25a 1
0 221 0 c005649e 2
0 221 0 c0816f8e 1
0 221 0 be0cf7c2 1
0 221 0 be1a7a7e 1
0 35 0 a11bcdbc 1
0 221 0 be0d9a3c 15
0 35 0 c0851790 26
0 221 0 be076aa4 7
0 0 0 c084b882 4
0 35 0 c0055a6a 2
0 221 0 a11bd84c 8
0 221 0 be0cf80a 9
0 221 0 be08bd82 1
0 35 0 c0824eec 1
0 221 0 be1a7204 1
0 35 0 c0056448 1
0 221 0 be0bbb4a 1
0 221 0 c0816e2c 1
0 221 0 be07fa42 1
0 221 0 be080304 1
0 221 0 be0cfe9e 6
0 221 0 be1a815a 1
0 221 0 c00484a4 6
0 221 0 be08a602 2
0 35 0 be104d42 1
0 221 0 a11bd7c8 2
0 35 0 c0031b7c 1
0 221 0 c08721b0 2
0 221 0 be0bba4c 8
0 221 0 a11bcc5e 2
0 221 0 be077334 1
0 221 0 be425492 1
0 35 0 a11bb0ec 1
0 221 0 c0817562 1
0 221 0 be06f562 1
0 221 0 be425a00 1
0 221 0 be1aa60c 1
0 35 0 be07d240 1
0 221 0 be0dd986 3
0 221 0 be07684e 3
0 221 0 a11bcc68 1
0 221 0 be0d11e0 2
0 221 0 c01c5758 1
0 221 0 be080662 1
0 35 0 be07cbb6 1
0 221 0 be0cfeb2 1
0 221 0 be0cf79a 1
0 221 0 c081c802 1
0 221 0 a11bd5ae 3
0 221 0 a11b9796 1
0 221 0 c08178f4 1
0 221 0 be0baaba 6
0 35 0 a11b8ef8 1
0 35 0 a11bcc3c 2
0 221 0 be07f982 4
0 221 0 be1aac5a 1
0 221 0 be0ab144 3
0 221 0 c02c92a2 6
0 221 0 c0817a94 1
0 221 0 c081c840 2
0 35 0 be0937f2 1
0 221 0 be1a70ca 1
0 221 0 be1a8132 1
0 221 0 c081b75e 1
0 35 0 be4258c2 1
0 221 0 c0824ffa 46
0 35 0 c04381d0 2
0 221 0 be08cdc2 2
0 35 0 c0438a92 1
0 35 0 c084c51a 1
0 35 0 be0935c4 1
0 221 0 be1a75b4 1
0 35 0 c0824eee 2
0 35 0 a11be818 1
0 221 0 be1aa4be 1
0 221 0 be1a7526 3
0 35 0 a11bb0da 1
0 35 0 a11b9740 1
0 221 0 be083390 2
0 221 0 be0cfbc4 2
0 35 0 be104cde 3
0 221 0 be0bac78 1
0 35 0 be093810 1
0 221 0 be1a7f9c 1
0 221 0 be07faa8 1
0 221 0 a11b9ec2 5
0 221 0 be08a6f6 1
0 221 0 be0bbb36 1
0 221 0 a11bd2ca 1
0 15 0 c0821f32 2
0 221 0 be082076 1
0 221 0 a11bccc4 1
0 221 0 be1aae22 1
0 221 0 be0cfabc 3
0 221 0 be0774b6 5
0 221 0 be1aa4d2 1
0 221 0 be085120 1
0 221 0 be089ecc 1
0 35 0 c004924c 1
0 221 0 be0ce81c 6
0 35 0 c00484a0 1
0 221 0 be0ab238 1
0 221 0 c084bfe4 1
0 221 0 c0072142 2
0 221 0 a11be142 1
0 221 0 c0872142 2
0 221 0 a11b9308 2
0 221 0 be0cfafa 1
0 35 0 c044c6ec 1
0 221 0 be1a6cc0 3
0 221 0 be08334a 1
0 221 0 c08178c2 4
0 35 0 a11b9f92 4
0 221 0 be080ea2 1
0 221 0 be0ab11c 1
0 221 0 be0773d8 3
0 221 0 be0bb242 1
0 221 0 be0cf7ba 4
0 221 0 c08178d6 1
0 221 0 be083848 1
0 221 0 be0cf95a 1
0 221 0 be0d9ab8 14
0 221 0 be0bb354 1
0 221 0 c08178cc 1
0 221 0 c084da2a 1
0 221 0 c00484d8 7
0 35 0 c0072128 1
0 221 0 a11bcd0c 1
0 221 0 be0773e2 1
0 221 0 be0cf852 1
0 221 0 be420086 3
0 221 0 c0854342 8
0 221 0 be0db624 3
0 221 0 a11b8a5a 1
0 221 0 be1a6bb8 3
0 35 0 be07d1fa 1
0 221 0 be073c20 1
0 221 0 c007203a 3
0 221 0 be1aaf02 3
0 221 0 be07d894 1
0 221 0 c00484e2 1
0 35 0 c00555be 2
0 221 0 be1a7b18 1
0 221 0 a11b89e0 1
0 221 0 be06fcb8 5
0 221 0 be1a73f6 1
0 221 0 be07d810 1
0 221 0 be0cfa8a 1
0 221 0 a11bdbe8 1
0 221 0 c084c002 1
0 35 0 c081c3ae 1
0 35 0 be07be36 1
0 221 0 a11bcc4c 1
0 221 0 be1a7c72 2
0 221 0 be0d04a6 3
0 221 0 be1ab206 1
0 221 0 c084bfb2 1
0 35 0 c005564e 2
0 221 0 be0cf89a 1
0 221 0 be07fb56 8
0 35 0 be0ab94c 1
0 221 0 be07622c 2
0 35 0 be0db9da 1
0 221 0 a11bddda 1
0 221 0 be0773ba 1
0 221 0 a11bd8f0 74
0 221 0 be0cffc6 1
0 221 0 c0072124 4
0 35 0 c0056474 1
0 35 0 c00721b8 1
0 35 0 c08721b8 1
0 221 0 be0774cc 1
0 221 0 be1a7a44 1
0 221 0 be076af8 4
0 221 0 be07732c 4
0 221 0 be0ab8a4 23
0 221 0 a11be1bc 2
0 35 0 c01c5774 1
0 35 0 be093504 4
0 35 0 c005649c 1
0 221 0 c0817adc 2
0 221 0 be0bbadc 2
0 221 0 be0bab02 2
0 221 0 be076b02 1
0 221 0 c084bfda 1
0 221 0 be085042 1
0 221 0 be0bb1a0 1
0 221 0 a11bd5ba 1
0 221 0 be07f9d4 2
0 221 0 c0817af0 7
0 221 0 a11bce14 2
0 221 0 c0816f72 1
0 221 0 be07fb74 1
0 221 0 be0767c2 3
0 221 0 be0dd988 1
0 221 0 c0817ae6 2
0 221 0 be1a7da2 1
0 35 0 c0049280 1
0 221 0 c0816e56 5
0 221 0 a11bcc6a 1
0 221 0 a11bce52 1
0 221 0 c084d942 2
0 35 0 c0055b60 4
0 35 0 c0031b60 2
0 35 0 c081c83c 1
0 221 0 be0d1080 1
0 221 0 be0cf872 1
0 221 0 be0cfdea 1
0 221 0 a11be204 1
0 35 0 be093634 1
0 35 0 a11ba166 2
0 221 0 be1a7a12 1
0 221 0 be080246 1
0 221 0 be0d0502 3
0 221 0 c01c4a7a 2
0 221 0 be0d0ff2 1
0 221 0 be083150 2
0 35 0 c0055ac8 1
0 221 0 be0cfbc6 1
0 221 0 be1a75c0 2
0 221 0 c044a320 1
0 221 0 be08a6f8 2
0 35 0 c007217a 1
0 221 0 c0048492 5
0 221 0 be083e8c 1
0 0 0 c0448556 4
0 35 0 be07ccb6 1
0 221 0 a11bca00 2
0 221 0 c0817ab4 1
0 0 0 c0824bea 1
0 221 0 be07fd70 1
0 221 0 be42002c 1
0 221 0 be0845a4 1
0 221 0 be08a702 2
0 221 0 be0bc5a4 1
0 221 0 be1aa9be 2
0 221 0 c084c6ca 2
0 221 0 be0d0c42 1
0 221 0 be078c42 1
0 35 0 a11b8b02 1
0 35 0 a11bcdbe 1
0 221 0 be0d99ee 1
0 221 0 be1a73a6 1
0 221 0 be0cffa8 4
0 221 0 be0bb802 5
0 221 0 be0cf802 1
0 221 0 be0bbabe 2
0 221 0 c0817abe 1
0 35 0 be4259ca 1
0 221 0 be08c86a 1
0 221 0 be1aac84 1
0 221 0 c00484da 1
0 221 0 be0804da 1
0 221 0 be1a7128 1
0 221 0 be0d9aba 1
0 35 0 c0055ade 1
0 221 0 be081e92 1
0 221 0 c084bff0 1
0 221 0 be0802ac 1
0 35 0 a11bcdc0 1
0 221 0 be1aacc2 2
0 221 0 c084bfe6 1
0 221 0 be425a2c 1
0 221 0 be07fb8a 1
0 221 0 be0803be 6
0 221 0 c081747c 1
0 0 0 c081b73a 108
0 221 0 c00484e4 1
0 221 0 be0d9ac4 2
0 35 0 00000000 8
0 35 0 a11bb510 1
0 221 0 c0816f04 1
0 221 0 a11bceb8 1
0 221 0 be0cfdc2 1
0 221 0 be1a7dc2 2
0 221 0 a11b89ce 2
0 221 0 be0d0c8a 1
0 221 0 be0a4684 1
0 35 0 c00492be 2
0 221 0 be083dd6 2
0 221 0 be07fa8c 3
0 221 0 be0803d2 1
0 221 0 be0cfdcc 1
0 221 0 be08a4a2 1
0 221 0 be07f970 4
0 221 0 be0fda40 1
0 221 0 c081751e 1
0 221 0 be0802ca 1
0 35 0 c005e894 2
0 221 0 be080afe 1
0 221 0 be1a75ac 5
0 221 0 be1aa772 1
0 221 0 be076cea 3
0 221 0 c0817262 1
0 221 0 be1a6dfc 1
0 221 0 be0cf8ec 19
0 221 0 be0fda4a 1
0 35 0 be07cb9c 2
0 221 0 be1a8120 1
0 221 0 be08627e 1
0 221 0 be08023c 2
0 35 0 c0031b76 1
0 221 0 be07f97a 1
0 221 0 c044a238 5
0 221 0 c081c880 1
0 221 0 be076afa 1
0 221 0 be0d0c58 1
0 221 0 be07fb62 1
0 35 0 a11b91c0 1
0 221 0 be07634a 1
0 221 0 be08a606 1
0 35 0 c0055a82 1
0 35 0 be0768bc 1
0 35 0 c08175da 1
0 221 0 be425a0e 1
0 221 0 c0816e44 2
0 221 0 c0817ade 2
0 221 0 c006a72c 7
0 221 0 c081c88a 1
0 35 0 c0872190 1
0 221 0 be083794 1
0 221 0 a11bd8f2 2
0 221 0 be0dd8f2 2
0 221 0 be0cf8ba 1
0 221 0 be0ce7c4 10
0 221 0 be08371a 1
0 0 0 c007e336 22
0 221 0 be0ab114 3
0 221 0 be0ab948 3
0 221 0 be0cffd2 1
0 221 0 be1aac20 4
0 221 0 c0817454 2
0 221 0 be07fae8 1
0 221 0 be1aa9f2 1
0 221 0 c0817226 1
0 221 0 be08d27c 1
0 221 0 be0bb34c 2
0 221 0 be424d92 1
0 221 0 be0d9b3e 2
0 221 0 be1a6ba6 1
0 221 0 a11bdbc2 1
0 221 0 be0cffdc 1
0 221 0 be1a7fdc 1
0 221 0 a11b8acc 1
0 221 0 a11b9160 1
0 35 0 a11bd7c8 1
0 35 0 c01c8cd8 5
0 221 0 be08a6fa 1
0 35 0 c0056462 1
0 221 0 be1aa4c2 1
0 221 0 be0dd944 1
0 221 0 c0817aa2 2
0 35 0 c0030276 2
0 221 0 c0817902 3
0 221 0 be0ce550 1
0 221 0 c01c4a90 2
0 221 0 be0d1124 2
0 221 0 c0817282 1
0 35 0 be4200c2 1
0 221 0 a11b9ed0 2
0 35 0 be08305a 1
0 15 0 c081b73a 2
0 221 0 be08ceec 1
0 221 0 be0d99dc 1
0 221 0 be0cfb3a 2
0 221 0 be0d0ba2 4
0 221 0 be0bb394 1
0 35 0 c00492f2 1
0 221 0 be1aaf42 1
0 221 0 be07fa32 3
0 35 0 c007212c 1
0 221 0 be0d11bc 2
0 221 0 be0cf892 8
0 221 0 be0d9962 5
0 221 0 be0baadc 1
0 221 0 be08cef6 1
0 221 0 be077310 3
0 221 0 be0da93c 4
0 221 0 be08558a 3
0 221 0 c0856fda 1
0 221 0 be0d996c 1
0 221 0 be1a7208 8
0 221 0 be08d366 1
0 221 0 be1a815e 1
0 221 0 be08041a 1
0 35 0 a11b9744 3
0 221 0 be0d656e 2
0 35 0 c0824f1a 1
0 35 0 c01c8c5e 1
0 221 0 c0872112 1
0 221 0 be08a68a 1
0 221 0 be0cf8da 1
0 221 0 be07be52 1
0 221 0 be0803ca 1
0 221 0 a11b8942 2
0 35 0 c005599a 1
0 221 0 be0babbc 3
0 221 0 be078d1a 1
0 35 0 c00555c2 1
0 221 0 c0816efc 1
0 221 0 be1aa0c2 1
0 35 0 be0773e0 1
0 221 0 be08a49a 1
0 221 0 c0817502 1
0 35 0 c0030294 1
0 221 0 c08178e4 1
0 221 0 be0fda42 2
0 221 0 be0d9a42 2
0 221 0 be1a8118 2
0 221 0 be1aa392 1
0 221 0 a11b929c 1
0 221 0 be0bbc2e 3
0 221 0 c081b73a 134
0 221 0 be0807a2 1
0 221 0 be42008a 1
0 221 0 be1ab250 1
0 221 0 be0bba84 1
0 221 0 be07f8ee 3
0 221 0 be08cdbc 1
0 221 0 c0817492 1
0 35 0 c005649e 2
0 221 0 c081725a 2
0 221 0 be0ab25a 1
0 221 0 be083744 4
0 221 0 be1a7a00 4
0 221 0 be0803de 1
0 221 0 be0d0c12 4
0 35 0 c01c8c90 2
0 35 0 be083240 1
0 221 0 be0d9ae4 1
0 35 0 be07fb02 2
0 221 0 be094caa 1
0 221 0 c02c9222 1
0 221 0 a11b9ebc 1
0 221 0 be084504 2
0 35 0 a11b9804 1
0 221 0 be076cec 6
0 221 0 a11b9eb2 2
0 221 0 be08a6e6 2
0 221 0 be078c1c 2
0 221 0 be0d99c8 3
0 221 0 a11bbb26 2
0 221 0 be4259c8 1
0 221 0 be1a7a52 2
0 35 0 c00484d8 5
0 221 0 be0bc542 2
0 221 0 be1a79c4 1
0 221 0 be1aaa78 1
0 221 0 be0d9982 3
0 221 0 be08a472 3
0 221 0 be08b330 1
0 221 0 c044a23a 1
0 35 0 c0825cf0 1
0 221 0 be080770 1
0 221 0 be1ab102 3
0 221 0 a11be2c8 1
0 35 0 c00721da 1
0 221 0 be08a47c 1
0 35 0 c004927a 1
0 221 0 be0da3ee 3
0 221 0 be1aac22 1
0 221 0 c08178bc 1
0 221 0 a11b9f92 29
0 221 0 a11bce9c 1
0 221 0 c0817aea 3
0 221 0 be0ab8b2 1
0 0 0 c084b87c 1
0 221 0 be0855b4 4
0 221 0 be07faf4 1
0 221 0 be0d0f34 1
0 15 0 c004caa6 1
0 221 0 be07fb82 1
0 35 0 be104d20 1
0 221 0 be0bb3d2 1
0 221 0 be0833d2 1
0 221 0 be07fec2 1
0 221 0 c007213c 1
0 221 0 be0cf842 2
0 35 0 c007203a 6
0 221 0 a11bddfc 1
0 221 0 be083ecc 1
0 35 0 c0854342 1
0 221 0 c02c9238 1
0 221 0 be0cfbca 1
0 221 0 c084c51a 2
0 221 0 a11b92c6 7
0 35 0 be07ef20 4
0 221 0 be08448c 1
0 221 0 be0bab62 1
0 35 0 c0824ffa 420
0 0 0 c00517ca 1
0 221 0 be081f56 1
0 221 0 be0802e2 1
0 221 0 c0048496 2
0 221 0 be1a6b6c 1
0 221 0 c0816e28 1
0 221 0 be1aa93e 1
0 221 0 be0ab172 1
0 221 0 be0836ea 2
0 35 0 be104db8 2
0 221 0 a11b9ed2 1
0 221 0 be420030 1
0 221 0 be0845a8 1
0 221 0 c081b76e 2
0 221 0 be1a7fa2 2
0 221 0 a11bcc3c 4
0 15 0 c00833c8 1
0 35 0 be0935aa 2
0 221 0 be0cfb46 1
0 221 0 be0d0bae 2
0 221 0 c00484a0 1
0 221 0 be0bb3aa 1
0 221 0 c081754a 1
0 221 0 be0bbac2 1
0 221 0 be07fac2 1
0 221 0 be0cfac2 2
0 35 0 c0438b24 1
0 35 0 c0048490 1
0 221 0 be083894 1
0 221 0 be0d04aa 1
0 221 0 be1aa8c4 1
0 221 0 be06f55e 3
0 221 0 c081c882 3
0 221 0 be080882 1
0 221 0 c0817214 2
0 221 0 be0cf78c 2
0 221 0 be080bc2 2
0 221 0 c0816e3c 1
0 0 0 c081b7a6 1
0 221 0 be1ab0f8 1
0 221 0 be08041c 1
0 221 0 be1ab252 1
0 221 0 c084bffe 1
0 0 0 c084b8c2 7
0 221 0 be1a71c4 1
0 35 0 a11b8f6e 1
0 0 0 c0051aae 1
0 35 0 be0801c2 1
0 221 0 c081c8c0 3
0 35 0 be07d234 1
0 35 0 be07ccbc 3
0 221 0 be0855de 4
0 35 0 be0937ee 1
0 221 0 c00484e8 1
0 221 0 be0bb136 2
0 35 0 be4259da 1
0 221 0 a11ba166 1
0 221 0 be0d121a 2
0 221 0 be0d9a4e 1
0 35 0 be0dda54 1
0 221 0 be086282 3
0 35 0 c0049220 3
0 221 0 be073c30 1
0 221 0 a11b9788 3
0 221 0 c08178e6 1
0 221 0 c081748a 2
0 221 0 be1a7a02 3
0 221 0 be1aa394 1
0 35 0 a11bce52 1
0 221 0 be0cf86c 2
0 221 0 be0d99ca 6
0 0 0 c007e2f6 1
0 221 0 be0d04fc 6
0 221 0 be0babd2 1
0 221 0 be0d0fec 1
0 221 0 be1a714a 1
0 35 0 c04381e0 1
0 221 0 be0bbc3a 1
0 221 0 be1a7c3a 3
0 35 0 c0072222 1
0 221 0 be0bba9a 1
0 221 0 be0bc58a 1
0 221 0 be080b02 1
0 221 0 a11b8b02 1
0 0 0 c0051782 2
0 35 0 c0055a7c 1
0 221 0 be080240 1
0 221 0 be0803f4 2
0 221 0 be0ce552 1
0 35 0 a11bb1f2 1
0 221 0 be0d9af0 1
0 35 0 c00492c2 1
0 221 0 be1aab58 1
0 221 0 be0d9a62 1
0 221 0 be0cfbc0 3
0 221 0 be0fda62 1
0 35 0 c0055a72 1
0 221 0 be0d0506 1
0 221 0 be0807c2 1
0 35 0 c0048492 6
0 221 0 be0bbc44 2
0 221 0 be06fc44 4
0 221 0 be1aa436 3
0 221 0 be08a6f2 1
0 221 0 c0816e52 2
0 221 0 be07feba 1
0 221 0 be0bab08 1
0 35 0 be4258e6 1
0 221 0 be1a79d0 1
0 221 0 be1a805a 2
0 221 0 c00721b8 5
0 0 0 c084b866 5
0 221 0 c0056474 1
0 221 0 be1aaca8 1
0 35 0 a11bd8f0 2
0 221 0 be08b33c 1
0 221 0 be0767be 1
0 221 0 be06f56a 3
0 35 0 be0801f4 5
0 221 0 be0bb826 1
0 221 0 c0817ae2 1
0 221 0 be07636c 1
0 35 0 a11bb294 1
0 221 0 c0816e5c 1
0 35 0 c043838a 1
0 221 0 be0ab94c 4
0 221 0 be0ab234 2
0 221 0 be07fa68 4
0 35 0 c08174c2 1
0 221 0 be0da972 1
0 221 0 be07cad0 1
0 0 0 c084b870 1
0 221 0 c00721c2 2
0 221 0 a11be1c2 2
0 221 0 c08174e6 1
0 35 0 be0d11c4 1
0 35 0 c0049252 1
0 221 0 c081c3ae 1
0 35 0 a11bb0f4 1
0 35 0 a11bb084 1
0 221 0 a11bd886 1
0 0 0 c081c8e2 1
0 35 0 a11bb56e 1
0 221 0 c0816f82 3
0 221 0 be1aa7d2 1
0 221 0 be0cf83a 1
0 35 0 c0817af0 1
0 221 0 be0833de 1
0 221 0 be0773de 1
0 35 0 be0fddee 1
0 221 0 be424702 11
0 35 0 c0438aca 1
0 221 0 be425a26 1
0 221 0 be0bba7c 2
0 221 0 be081e96 2
0 221 0 be1a7ff4 1
0 221 0 be0bac42 1
0 221 0 be0cfdc6 1
0 221 0 be0803c2 3
0 221 0 c081c3c2 1
0 221 0 be0ab2cc 1
0 221 0 c00484de 1
0 35 0 be0d98f2 2
0 221 0 c0817542 1
0 221 0 be1a7aba 1
0 221 0 c0817aba 1
0 35 0 c0817ade 1
0 221 0 a11bcdde 1
0 221 0 be0bbce8 1
0 35 0 be07d1da 2
0 221 0 be0a4642 1
0 221 0 be076e34 4
0 35 0 be076e3a 3
0 221 0 be07fbe0 1
0 221 0 be07fe9c 1
0 221 0 a11b898c 1
0 221 0 be0baaea 1
0 221 0 a11bcc48 1
0 35 0 c00491d0 4
0 221 0 be0836ec 1
0 221 0 be1a79a8 3
0 221 0 be08bc64 1
0 221 0 be1aa07e 1
0 221 0 be1a6b6e 1
0 35 0 c081c880 1
0 221 0 be0cfa36 1
0 35 0 c044a238 1
0 221 0 be0d0c52 1
0 35 0 a11bd994 1
0 221 0 be1a7b5c 4
0 221 0 be1aa092 1
0 221 0 be08a60a 1
0 221 0 a11b8a24 1
0 35 0 be08138e 1
0 35 0 c081c89e 1
0 221 0 c084bfb8 1
0 221 0 a11b8aa8 1
0 221 0 c0816ec2 1
0 35 0 c00491ee 1
0 221 0 be1a7d8a 10
0 35 0 be0dd7f4 1
0 221 0 c081b4c8 1
0 221 0 c08178aa 5
0 221 0 be0ab8aa 2
0 35 0 c00555b2 1
0 221 0 be08bc82 1
0 221 0 be1a7104 2
0 221 0 be1a7a4a 8
0 221 0 be1a7fc2 2
0 221 0 be080ab2 2
0 221 0 be0bac10 2
0 221 0 be1aaecc 1
0 221 0 be0855a2 1
0 221 0 be0bb2a4 1
0 221 0 be1a7142 1
0 221 0 c02c92a0 1
0 221 0 be0cfa92 1
0 221 0 be084582 1
0 221 0 be0bb85a 3
0 221 0 be0cfa88 3
0 221 0 c0817a88 2
0 221 0 be1a6df8 4
0 221 0 be0d9a46 1
0 221 0 be0cf752 1
0 221 0 be080b92 1
0 221 0 c084d93e 2
0 221 0 c0817a9c 4
0 221 0 be0da42e 1
0 35 0 a11bcd9c 1
0 221 0 c00721f6 1
0 35 0 c02c9286 2
0 35 0 c00484da 1
0 35 0 c0055ad8 1
0 221 0 a11bd342 1
0 221 0 be0cf75c 1
0 221 0 c08720ee 2
0 221 0 a11be20a 1
0 221 0 be0cfaa6 2
0 221 0 be0baac2 2
0 221 0 be083156 1
0 35 0 be104dba 2
0 221 0 be0bab50 2
0 221 0 c0072214 1
0 0 0 c007e5ba 12
0 221 0 be1a7bc2 2
0 221 0 be42013a 1
0 221 0 be0d0c2a 1
0 221 0 be07fc50 1
0 35 0 be104db0 1
# cpu=1 samples=962 lost=0
1 244 1 95732e96 1
1 35 0 c081b73a 90
1 35 0 a11bb13e 1
1 244 1 690e13c2 1
1 35 0 a11bb628 1
1 244 0 c00c7492 1
1 244 1 690f9b68 1
1 244 1 690fb97c 2
1 244 1 95736b42 1
1 35 0 a11bcd9e 2
1 244 1 690fd702 1
1 78 0 c01c16ee 1
1 244 1 690f8db2 1
1 0 0 c02b1f44 1
1 35 0 c02c9222 2
1 35 0 be0801ba 3
1 244 0 c00d71c2 1
1 244 0 c081b73a 38
1 35 0 be08302c 1
1 244 1 690f5fb0 1
1 244 0 c00d010e 1
1 244 0 c00d0080 1
1 35 0 a11bcdbc 1
1 35 0 c0851790 28
1 0 0 c084b882 10
1 35 0 c0056448 3
1 244 0 c00d02f4 3
1 244 0 c00725f2 3
1 35 0 be0fde38 1
1 244 0 a11c1f5e 1
1 244 1 95736792 1
1 35 0 c0872112 1
1 244 0 c087218c 1
1 35 0 a11b9ff6 1
1 244 1 957326fa 2
1 35 0 c0438382 2
1 35 0 c0030266 1
1 244 0 c00c752a 1
1 35 0 be083284 1
1 35 0 a11b8ef8 3
1 244 1 690dea64 1
1 0 0 c081c80a 2
1 35 0 be078b16 1
1 35 0 c084c51a 1
1 35 0 be0935c4 1
1 35 0 c0824eee 1
1 244 0 c00cfac2 1
1 244 0 c0072682 2
1 35 0 a11ba002 1
1 35 0 be104cde 1
1 35 0 c0817214 2
1 244 0 c01c2d0c 1
1 35 0 a11b8f02 1
1 35 0 c081e710 4
1 35 0 be0774c6 1
1 244 0 c0872184 2
1 35 0 c004924c 1
1 35 0 c00484a0 1
1 244 1 690de034 1
1 35 0 a11be84a 2
1 35 0 a11b9f92 64
1 244 1 690f9884 1
1 244 1 690de8e2 1
1 244 0 c0817ec2 2
1 244 0 c006a7c6 2
1 35 0 a11bca4a 2
1 244 1 690e4ac4 1
1 244 0 c00d0202 2
1 244 1 690f5c3e 1
1 35 0 a11b8f2a 1
1 35 0 c006a742 3
1 35 0 c0826742 1
1 35 0 be08308a 1
1 244 1 690f240e 1
1 244 1 690f60c4 1
1 35 0 a11bd304 1
1 35 0 a11bca42 1
1 0 0 c081b76e 1
1 244 1 690fa2e8 1
1 35 0 c081c432 1
1 35 0 be093504 1
1 35 0 c005649c 1
1 244 0 c081c3ae 1
1 244 0 c00c7574 1
1 244 0 c00d0292 1
1 244 0 c0078ac6 1
1 244 0 c00674dc 1
1 35 0 c0055b60 1
1 244 0 c00d09fa 1
1 244 1 690e3648 1
1 35 0 c081c83c 3
1 35 0 a11bb3fc 1
1 244 1 690e53ce 1
1 35 0 c0851792 1
1 244 0 c0077cd2 2
1 35 0 be4256fa 1
1 244 1 95736c60 1
1 244 1 690de1f4 1
1 244 1 690e13ba 1
1 35 0 c08720ec 1
1 0 0 c0448556 19
1 244 1 690f3746 1
1 244 0 c00cff7a 1
1 35 0 c0438b02 1
1 244 0 a11ba990 1
1 244 0 c00d022c 1
1 244 0 c00cfb3e 1
1 35 0 c084d93e 1
1 244 0 c0041af2 1
1 0 0 c081b73a 156
1 35 0 00000000 4
1 35 0 a11bb510 1
1 244 0 c0078b0e 1
1 244 0 c00c25d8 3
1 244 1 690f3384 1
1 35 0 a11bb142 1
1 35 0 c00492be 8
1 244 1 95737524 11
1 244 0 c00d72ec 1
1 35 0 c08178fc 1
1 244 0 c0817f3e 1
1 244 0 c0447bf4 1
1 35 0 be07cccc 3
1 35 0 a11bcc48 2
1 35 0 c0031b8a 1
1 35 0 a11bcdde 2
1 35 0 c02c923a 1
1 244 0 c081b4c8 1
1 244 1 690f23d2 2
1 35 0 a11b9ed4 1
1 244 1 95732ec2 1
1 244 0 c044ab78 1
1 0 0 c007e336 10
1 244 0 c00d7202 2
1 244 1 690fb3a2 1
1 244 0 c044c8f4 1
1 35 0 c0049258 1
1 35 0 c01c8cd8 5
1 244 0 c01c5758 1
1 244 0 c01b2504 1
1 244 1 690f5c42 1
1 35 0 c081c416 1
1 0 0 c00517d6 1
1 35 0 a11b97be 1
1 244 1 690e4f9e 1
1 0 0 c081c42e 1
1 244 0 c01b24f0 1
1 244 0 c00d087c 1
1 35 0 c0857106 1
1 35 0 c01c5758 1
1 244 0 c0072602 1
1 244 1 690fb898 1
1 244 0 c00d02fa 1
1 35 0 a11bda00 1
1 35 0 a11b9744 1
1 35 0 c01c8c5e 4
1 35 0 be07c5ca 1
1 0 0 c0051770 1
1 244 0 c0447b9a 17
1 35 0 be0773e0 2
1 35 0 be07be42 1
1 244 0 c00726cc 1
1 244 0 c01c2c44 1
1 35 0 a11bb604 1
1 35 0 a11bb576 1
1 35 0 c005649e 2
1 35 0 a11ba042 1
1 244 1 690f5a1e 1
1 35 0 a11bb72a 1
1 244 0 c08721c4 1
1 35 0 a11ba0c6 1
1 244 0 c08266ae 1
1 35 0 c081bb90 1
1 244 1 690f8b80 1
1 255 1 9578faaa 1
1 0 0 c081c8da 1
1 244 0 c0854342 2
1 244 1 690e131c 1
1 244 0 c007203a 1
1 35 0 c084c002 2
1 35 0 a11b8f58 1
1 244 1 690df8cc 1
1 244 0 c044c934 1
1 244 0 c00c7582 2
1 244 0 c0072142 1
1 244 0 c00bff56 1
1 244 0 c0817ec8 1
1 35 0 c0854342 6
1 244 1 690e5b8c 1
1 35 0 c0824ede 1
1 35 0 c0824ffa 79
1 0 0 c00517ca 5
1 244 1 690e5b78 1
1 35 0 c0854ef2 2
1 244 0 c0824ffa 3
1 35 0 be082fc2 1
1 244 0 c0447bba 2
1 244 1 690f8966 1
1 35 0 c081c868 1
1 244 1 690e5684 1
1 35 0 c084d9d8 1
1 244 1 690dfc3e 2
1 244 0 c0077bb0 1
1 35 0 a11b9ec2 1
1 244 1 690e59c4 1
1 244 0 c081c840 1
1 0 0 c084b8c2 8
1 0 0 c0051aae 1
1 35 0 be07d234 1
1 35 0 c0872180 1
1 35 0 a11b9118 3
1 35 0 c01c4a7a 1
1 255 0 c00abb7e 1
1 255 0 c00b80f6 1
1 35 0 c0049220 2
1 244 1 95736790 1
1 244 1 690e5b84 1
1 35 0 a11bce52 1
1 35 0 c0438b26 1
1 0 0 c007e2f6 4
1 35 0 be093802 1
1 35 0 c0072222 1
1 244 0 c00d01c2 1
1 0 0 c0051782 1
1 244 1 690e65dc 1
1 244 0 c006c9f6 1
1 244 0 c0447e78 19
1 35 0 be4258c8 1
1 78 1 9575a790 1
1 244 0 c0447bb2 1
1 255 1 6916884a 1
1 35 0 a11bb210 1
1 0 0 c084b866 7
1 244 0 c00c17e8 2
1 244 0 c00d017a 1
1 35 0 a11bd8f0 3
1 244 0 c00d0892 1
1 35 0 a11bb294 1
1 244 1 690f9bb6 1
1 35 0 c085389a 1
1 244 1 690f33c4 2
1 244 0 c00d718c 1
1 35 0 a11bb22e 1
1 35 0 be07696c 1
1 244 1 690f550e 1
1 244 0 c044c902 1
1 35 0 be0ab196 1
1 35 0 c0872126 1
1 35 0 c0030284 1
1 244 1 690de2e4 1
1 244 1 957395bc 4
1 0 0 c081c416 6
1 244 0 c00d017c 1
1 35 0 c00491d0 1
1 244 0 c00c1384 2
1 35 0 c081c880 1
1 35 0 a11b9142 1
1 35 0 c044a238 2
1 35 0 a11bd994 1
1 35 0 c005ea8a 1
1 244 1 690e0f1e 1
1 244 0 c00d72aa 1
1 244 1 690fb822 1
1 244 0 c00cfa50 1
1 244 0 c00d0284 1
1 35 0 c0438ac2 1
1 35 0 be078ac2 1
1 244 1 690f4df8 1
1 244 1 95729104 1
1 35 0 be09350a 1
1 244 1 956f578e 1
1 35 0 c005ea94 1
1 244 0 c00d71ca 1
1 35 0 a11b90dc 1
1 35 0 a11bcd9c 1
1 244 1 690e3a82 1
1 244 1 690f2f04 1
1 244 0 c00d019a 1
1 244 0 c01b25b4 1
1 35 0 a11bb0ae 1
1 0 0 c007e5ba 43
1 35 0 c081b486 1
