# timer-PC diagnostic; CPU PID USER PC HITS
# cpu=0 samples=2290 lost=0
0 220 0 be10d70a 1
0 220 0 be101c82 1
0 220 0 be077034 3
0 220 0 be076cea 1
0 220 0 be0ddf3e 1
0 35 0 c081b73a 128
0 220 0 be0fae8a 1
0 220 0 be1a6dfc 1
0 220 0 be0803dc 1
0 220 0 be0f4b82 2
0 220 0 be07fa8c 1
0 220 0 be0fef0e 1
0 220 0 be0e3742 1
0 220 0 c081b486 1
0 220 0 be1220d4 7
0 220 0 be07f970 5
0 220 0 be0fda40 1
0 220 0 be0f4c94 2
0 220 0 be122b36 7
0 220 0 be0dfb10 3
0 220 0 be0fd924 3
0 220 0 be0f1e0e 1
0 35 0 a11b9eb2 1
0 220 0 be07d202 1
0 220 0 be0fed5a 5
0 35 0 be078a7c 1
0 220 0 be10c824 1
0 220 0 be11165e 2
0 220 0 be10de04 2
0 220 0 be10c4da 4
0 220 0 c00484da 1
0 220 0 be0e1fa4 1
0 220 0 be111770 1
0 220 0 be0803be 3
0 35 0 be0faf1a 1
0 35 0 a11bcdbc 1
0 35 0 c0851790 15
0 35 0 a11b8f5c 1
0 0 0 c084b882 13
0 35 0 be0d446c 1
0 220 0 be42504e 1
0 35 0 c0055a6a 2
0 220 0 be100d04 4
0 220 0 be1a6ba6 4
0 220 0 be0f1dfa 3
0 35 0 a11bd9dc 1
0 35 0 c0056448 2
0 220 0 a11ba256 1
0 220 0 be10c5e2 1
0 220 0 be0fa9fc 1
0 220 0 be10ce16 1
0 220 0 be122624 4
0 220 0 be1004c6 2
0 220 0 be0fd878 11
0 35 0 c0055716 2
0 220 0 be121f90 1
0 220 0 be0e5f02 1
0 220 0 a11c1c46 3
0 220 0 be109640 1
0 220 0 be10c5d8 6
0 220 0 be10054a 2
0 35 0 be104d42 2
0 220 0 be0eaedc 2
0 220 0 be078d7e 2
0 35 0 c0031b7c 1
0 220 0 be07ee4e 1
0 220 0 be12261a 2
0 35 0 c0872112 1
0 35 0 a11b8f00 1
0 220 0 be07d1da 3
0 35 0 a11b97c2 2
0 220 0 be06f566 1
0 220 0 c006a72c 2
0 220 0 be0dfd9a 3
0 220 0 a11bd8f2 1
0 220 0 a11bae44 1
0 220 0 be080ce6 1
0 220 0 be076354 1
0 35 0 be07d240 2
0 220 0 be076fe4 3
0 220 0 c044a238 4
0 220 0 c081c880 1
0 35 0 c0438382 1
0 220 0 be0e211c 2
0 220 0 be0e07f2 3
0 220 0 be0768c2 2
0 220 0 a11bd85a 2
0 35 0 a11bb1fe 1
0 220 0 be0fbea2 3
0 220 0 be1005e0 1
0 220 0 be122482 1
0 220 0 a11bdbc0 1
0 220 0 c081b7a6 2
0 35 0 a11b8ef8 1
0 220 0 be0e0e14 3
0 220 0 a11bce14 5
0 220 0 be0fe3f4 1
0 220 0 be078780 1
0 220 0 be07f9d4 2
0 220 0 be0fd7e8 7
0 220 0 be07fc02 2
0 220 0 be0fbc02 1
0 220 0 a11bcc6a 3
0 220 0 be07d1e2 1
0 220 0 be0f4b4e 3
0 220 0 be10d0c6 5
0 268 0 c081b73a 1
0 220 0 a11be1bc 1
0 220 0 c006a734 1
0 220 0 be122734 1
0 220 0 be100804 1
0 220 0 be10b70e 1
0 0 0 c081c3ae 1
0 35 0 be078b16 1
0 220 0 be0fa8d4 1
0 220 0 be100c60 1
0 220 0 be0fab02 1
0 220 0 be076b02 1
0 220 0 be0e6012 1
0 35 0 c084c51a 1
0 35 0 be0935c4 2
0 220 0 be0f4e8e 1
0 35 0 c0824eee 1
0 35 0 a11be818 3
0 220 0 be0f4bd2 2
0 35 0 c02c9238 1
0 35 0 a11b9740 1
0 220 0 be10d0bc 1
0 220 0 a11bd8f0 37
0 220 0 a11bd862 1
0 220 0 a11bcd72 1
0 35 0 be104cde 3
0 220 0 be10ddda 1
0 220 0 be10dd4c 1
0 220 0 be076af8 4
0 220 0 be10c6de 1
0 35 0 be06f55e 1
0 220 0 be10d974 1
0 220 0 be122c0a 1
0 220 0 be0e2ec6 3
0 220 0 be0e5e5e 1
0 220 0 be10c7f0 4
0 15 0 c0821f32 1
0 0 0 c081c3c2 1
0 35 0 a11b9ff8 2
0 220 0 be0dfc72 1
0 35 0 c0438b2a 1
0 220 0 be0fedaa 6
0 220 0 be10c6d4 1
0 220 0 be07fb56 4
0 220 0 be10dee2 3
0 220 0 be121ee2 1
0 220 0 a11be19e 1
0 35 0 be07ccd4 1
0 220 0 be1223cc 2
0 220 0 c084c6ca 1
0 220 0 be078c42 1
0 35 0 c01c5754 1
0 220 0 a11bdcaa 2
0 268 0 c043d22c 1
0 35 0 a11be84a 1
0 220 0 be10e222 1
0 35 0 c044c6ec 2
0 220 0 be1011ba 1
0 35 0 a11bb572 1
0 35 0 c005ea82 1
0 220 0 be0ff16e 1
0 220 0 be100d54 1
0 220 0 be0fee24 1
0 220 0 c0048492 4
0 220 0 be10c492 2
0 220 0 be122562 1
0 220 0 c081b658 1
0 220 0 be1094fa 1
0 220 0 be1011b0 3
0 220 0 be0ff052 1
0 220 0 be121f5c 2
0 35 0 be07cc5a 1
0 35 0 a11bce04 1
0 220 0 be0fe702 1
0 220 0 be100d4a 2
0 35 0 c081c7fe 1
0 220 0 be10d83a 1
0 220 0 be0e2d8c 1
0 220 0 be0e1f52 1
0 35 0 be0fb698 2
0 220 0 be10dc96 1
0 220 0 be07faaa 3
0 220 0 be0dfaaa 3
0 220 0 be0fafba 1
0 0 0 c084b86c 1
0 35 0 be076f80 2
0 220 0 c044a320 2
0 35 0 be0dd16c 2
0 220 0 be0faac6 4
0 220 0 be0ec134 1
0 220 0 be0e1fd6 4
0 35 0 be0fb71c 1
0 220 0 a11be204 1
0 220 0 be10baa0 6
0 220 0 c084d942 2
0 220 0 a11bce52 1
0 220 0 c081c84c 1
0 220 0 be1060e8 2
0 220 0 be0ff6c8 1
0 220 0 be10d56a 3
0 35 0 be07c8a0 1
0 220 0 a11bdfcc 1
0 220 0 be122544 2
0 220 0 be07bbb2 4
0 220 0 be12244e 4
0 35 0 be07be36 1
0 220 0 be0e2f3e 1
0 220 0 be10d8d0 1
0 220 0 be0ff16c 1
0 220 0 be07d842 2
0 220 0 be0e1842 3
0 35 0 c00721c2 2
0 220 0 c0048490 1
0 220 0 be082076 2
0 220 0 be080402 1
0 220 0 be0ff050 5
0 220 0 be0e24d2 2
0 220 0 be0fd954 2
0 220 0 a11bd954 1
0 220 0 be10085e 1
0 35 0 c005ea7a 1
0 220 0 be07ebea 1
0 220 0 be10e92e 3
0 35 0 be425a12 4
0 220 0 be10c742 1
0 220 0 be07d838 1
0 35 0 be07888e 1
0 35 0 be07c5d2 1
0 35 0 c00721b8 2
0 220 0 a11b9fde 5
0 220 0 c084d9d8 1
0 220 0 a11b9ec2 3
0 220 0 a11baf2a 1
0 35 0 be424fb0 2
0 220 0 be0f1e34 2
0 220 0 be0ff158 1
0 220 0 c0824ffa 94
0 220 0 be10c6aa 3
0 220 0 be0feac4 1
0 220 0 be0faac4 1
0 220 0 be10d9ce 3
0 220 0 be0e5eb8 6
0 35 0 a11bd318 1
0 220 0 be10a3a2 1
0 35 0 c084c56c 1
0 220 0 be07f982 2
0 220 0 be0fd824 5
0 35 0 be424702 3
0 220 0 be0e072e 1
0 220 0 be0fee04 5
0 220 0 be0fbbb0 2
0 35 0 be076f82 1
0 220 0 c081c840 1
0 220 0 a11bae88 2
0 220 0 be0fae88 1
0 35 0 c0031b60 3
0 35 0 be4258a4 1
0 220 0 be10b372 1
0 220 0 be0fecde 4
0 220 0 be0e2f0c 1
0 35 0 be0e2166 1
0 220 0 be07bc2a 1
0 220 0 be07d810 2
0 220 0 be10c71a 1
0 220 0 be0e2272 1
0 220 0 c0854342 12
0 220 0 be0e20c8 1
0 220 0 be1a6bb8 4
0 220 0 be080a5a 1
0 220 0 be1008b0 2
0 0 0 c0448556 12
0 220 0 be0f1e02 2
0 220 0 c00484d8 4
0 220 0 c0826636 1
0 0 0 c0824bea 2
0 35 0 be0dd1a0 3
0 220 0 be1a6cc0 4
0 220 0 a11be142 3
0 220 0 c0872142 1
0 220 0 be10c6fc 1
0 35 0 be4259ca 1
0 220 0 be0ffe3a 1
0 220 0 c044c834 1
0 220 0 be076904 1
0 220 0 be07bc28 6
0 35 0 c00721f6 1
0 220 0 be1094c4 3
0 220 0 be122b32 1
0 220 0 be10c9d4 1
0 220 0 be0f4c02 1
0 220 0 be076aa4 3
0 220 0 be07bb9a 1
0 220 0 be0dd0ec 1
0 35 0 be0fb6c4 1
0 220 0 be10c5fc 1
0 220 0 c005649e 3
0 220 0 be076cd2 2
0 220 0 c084c56e 1
0 220 0 c01c2c44 1
0 220 0 be122382 3
0 0 0 c081b73a 196
0 220 0 be113734 1
0 35 0 00000000 3
0 220 0 be1094ba 1
0 220 0 be0ff012 2
0 220 0 be10d310 3
0 220 0 be0773e0 7
0 220 0 be0fd7fa 1
0 35 0 be0fbf9a 1
0 220 0 be100c7c 2
0 220 0 be1011f4 1
0 220 0 be0ddf12 4
0 220 0 be1095c2 1
0 220 0 be10d306 2
0 220 0 a11be2e0 2
0 220 0 be0fa858 3
0 220 0 be10c928 1
0 0 0 c084b86a 1
0 220 0 be0fed42 1
0 220 0 be0fbdaa 9
0 220 0 be100066 1
0 220 0 be1105de 1
0 35 0 be07cb9c 4
0 220 0 be10c80c 1
0 35 0 c08720ee 2
0 220 0 be07684e 3
0 220 0 be080662 1
0 0 0 c084b874 1
0 35 0 be07cccc 1
0 220 0 be10c05c 1
0 35 0 be0faaea 2
0 220 0 be10c802 1
0 220 0 c081c802 1
0 220 0 be0fb70c 2
0 220 0 a11bd5ae 2
0 220 0 be12235a 4
0 220 0 be426616 1
0 220 0 be10d404 3
0 35 0 a11bcdde 1
0 220 0 2f800914 1
0 220 0 be07c5ca 3
0 77 0 c081b73a 1
0 220 0 c08721b0 1
0 220 0 be0dfd96 1
0 220 0 be0fb702 1
0 220 0 be10c7f8 1
0 220 0 be12269a 1
0 220 0 be082006 4
0 35 0 c005644c 1
0 35 0 c0872190 3
0 220 0 a11b9744 1
0 220 0 be10ce82 3
0 220 0 be10ad24 2
0 220 0 be0f4bc6 1
0 220 0 be10deea 1
0 220 0 be10bad0 2
0 220 0 be113786 2
0 0 0 c007e336 13
0 220 0 a11baec4 1
0 220 0 a11be118 1
0 220 0 be0e5e5c 2
0 35 0 be426614 2
0 220 0 a11bd7c8 1
0 220 0 be10b3ae 1
0 220 0 be1011c2 1
0 35 0 be425a08 2
0 220 0 be077064 2
0 35 0 a11bb784 1
0 220 0 be0fed1a 1
0 220 0 be10619c 1
0 220 0 be0fe3ca 2
0 220 0 be0fdb08 1
0 220 0 a11bd84c 15
0 220 0 be10d502 2
0 220 0 be0e5ff2 3
0 220 0 a11b9730 2
0 220 0 be1095ac 4
0 220 0 be0dfc82 3
0 220 0 be07695e 1
0 35 0 c01c8cd8 7
0 220 0 be0ff104 1
0 220 0 be426614 2
0 220 0 be08200e 1
0 220 0 be07fb66 1
0 35 0 c081c416 1
0 268 0 c00c1308 1
0 35 0 c0030276 2
0 220 0 be0ff188 1
0 220 0 be122698 2
0 220 0 be12260a 1
0 220 0 be1a6b82 3
0 220 0 be10dd48 1
0 220 0 be10e7aa 1
0 268 0 c00b5e02 1
0 220 0 be1000d4 1
0 220 0 be0f268e 1
0 220 0 be106116 2
0 77 0 c08720ca 1
0 35 0 a11bd5ae 2
0 35 0 c00492f2 1
0 220 0 be076e34 5
0 220 0 a11bcc48 2
0 35 0 c081c42a 1
0 220 0 be10d966 1
0 220 0 be0faa5c 1
0 220 0 a11baf46 1
0 35 0 c01c5758 2
0 220 0 be10bfae 3
0 220 0 be0fbf20 6
0 220 0 be1a6b6e 1
0 220 0 c044a33a 1
0 220 0 be07fbd6 1
0 35 0 be425a00 1
0 220 0 be0829c4 1
0 220 0 be0dfaba 1
0 220 0 be121ed4 7
0 220 0 be106102 2
0 220 0 be0e2f3c 1
0 220 0 a11bcdde 1
0 220 0 be111356 1
0 35 0 c0824f1a 1
0 220 0 be10e936 4
0 35 0 c0072122 3
0 220 0 be10c48e 2
0 35 0 be07c5ca 2
0 220 0 be100c34 3
0 35 0 c005599a 1
0 0 0 c0051770 1
0 35 0 c0438ad2 1
0 35 0 be0773e0 1
0 220 0 be0de326 1
0 220 0 be0ff38e 1
0 220 0 be07bbc2 1
0 220 0 be0ff0d2 1
0 35 0 be07be42 2
0 35 0 be425a28 1
0 220 0 be10c624 3
0 35 0 c0030294 3
0 220 0 be4253d0 1
0 220 0 be0e2f28 1
0 220 0 c08720ee 4
0 220 0 be10c1be 1
0 220 0 be10e894 6
0 268 0 c0824ffa 2
0 220 0 be0e9a5a 1
0 220 0 be0e5c88 1
0 35 0 c00721e2 2
0 220 0 be10b524 1
0 220 0 be100b92 1
0 220 0 be07fa9c 1
0 220 0 c084d93e 1
0 220 0 a11b9eb6 1
0 220 0 be0e1e28 4
0 220 0 be0dfcca 2
0 220 0 be0e3752 2
0 220 0 be0fdfc8 2
0 220 0 be0770be 1
0 220 0 be109818 1
0 220 0 be11178a 1
0 220 0 be1a6df8 6
0 220 0 be08034a 1
0 35 0 be093618 1
0 220 0 be10d92a 4
0 220 0 be0f4b7e 1
0 220 0 be10d0f6 3
0 35 0 c00484d8 1
0 220 0 be0ec138 1
0 220 0 be0803f4 3
0 220 0 be10c622 1
0 220 0 be0eaf26 2
0 220 0 be1060ec 1
0 220 0 be0e5e30 3
0 35 0 a11bb242 1
0 35 0 c004927a 1
0 220 0 c081c3ea 1
0 220 0 be0e9a58 4
0 220 0 be4259ca 2
0 35 0 be07be3a 1
0 35 0 be11334a 1
0 220 0 be080b90 1
0 220 0 be080b02 1
0 35 0 a11bb582 1
0 35 0 c0072142 1
0 220 0 be10c1b2 2
0 220 0 be078c14 3
0 220 0 be100b86 1
0 220 0 a11ba166 3
0 220 0 be10d932 2
0 35 0 be07b8ea 1
0 220 0 be10d8a4 2
0 220 0 be1226de 2
0 220 0 a11b9788 1
0 220 0 be10d4cc 1
0 35 0 c00555d8 2
0 220 0 c081c8c0 3
0 220 0 be1116fa 1
0 35 0 c007203a 3
0 220 0 be0faf96 3
0 220 0 be0e2f08 3
0 220 0 be076902 1
0 220 0 be11373c 1
0 220 0 be07bc26 1
0 35 0 c08537c4 1
0 35 0 c0854342 1
0 220 0 be0e226e 1
0 220 0 be0fed5e 3
0 220 0 be076f8c 1
0 220 0 be10c5fa 1
0 220 0 c005649c 4
0 220 0 be081e96 3
0 35 0 be07ef20 2
0 220 0 be0fd802 4
0 35 0 c0824ffa 282
0 220 0 be100c84 2
0 220 0 be0803c2 3
0 35 0 a11bb0ca 1
0 220 0 be076f82 2
0 220 0 be10d39c 4
0 35 0 c02c92a2 2
0 220 0 be424702 2
0 220 0 be0773de 1
0 220 0 be4251f2 1
0 220 0 be0ddf9e 4
0 220 0 be122744 1
0 35 0 be0fbbb0 1
0 220 0 be0fbdb2 1
0 220 0 be10d304 1
0 220 0 be122628 1
0 220 0 be07636c 2
0 35 0 be0e2188 1
0 220 0 a11bca42 1
0 220 0 be10ddf4 3
0 35 0 be078e64 4
0 35 0 c0072192 1
0 220 0 be07be36 1
0 35 0 a11bccc4 1
0 220 0 a11be1c2 2
0 220 0 a11b915a 1
0 220 0 c044c80a 3
0 220 0 be1223f0 1
0 220 0 be122362 1
0 35 0 be0e29b2 1
0 220 0 be07684c 2
0 220 0 be06f56a 4
0 220 0 be0767be 1
0 220 0 be100800 2
0 220 0 be10963a 1
0 220 0 be42470a 1
0 0 0 c084b8c2 5
0 220 0 be121fa6 2
0 35 0 c0438b12 1
0 220 0 be111772 4
0 35 0 be0801c2 1
0 220 0 be076f80 4
0 220 0 be1a6cc4 2
0 220 0 be10bfe8 2
0 220 0 be0fe402 1
0 220 0 be0e2402 1
0 220 0 be10d884 1
0 35 0 be07d234 2
0 220 0 be0fec36 1
0 220 0 be080d06 1
0 220 0 be0fb698 2
0 220 0 c081b60a 1
0 220 0 be07bb82 3
0 220 0 be4251f0 1
0 220 0 a11b9162 1
0 220 0 be10c672 1
0 220 0 be10c8a0 4
0 220 0 c006a742 2
0 35 0 be0dda54 1
0 35 0 c0049220 1
0 220 0 be0feee8 3
0 220 0 be0e23f8 1
0 220 0 be0fe6b4 9
0 220 0 be07636a 1
0 35 0 be0faac6 1
0 220 0 a11bca40 1
0 220 0 be1097ec 1
0 35 0 a11bce52 2
0 35 0 be0fa9c8 1
0 0 0 c007e2f6 3
0 220 0 a11b9f92 3
0 220 0 be0fbda6 1
0 268 0 c0872130 1
0 0 0 c0051782 2
0 35 0 a11bca00 1
0 35 0 c0438a8e 2
0 220 0 be0768ce 1
0 220 0 a11be2c8 1
0 220 0 be0e223a 4
0 220 0 c044a23a 1
0 220 0 be080882 1
0 220 0 be06f55e 1
0 220 0 be10962e 2
0 220 0 be0fec9c 2
0 220 0 be10d2e4 2
0 220 0 c087211e 1
0 220 0 be122608 4
0 0 0 c084b866 6
0 220 0 be0ec160 1
0 220 0 be0fbea4 10
0 220 0 be101d46 1
0 35 0 c0072124 1
0 220 0 a11b9740 1
0 220 0 be0e3326 1
0 35 0 a11bd8f0 1
0 220 0 be100bc2 4
0 35 0 a11bb0fe 1
0 35 0 be0801f4 1
0 220 0 be10d0ac 4
0 35 0 a11bb294 2
0 35 0 be07622c 2
0 35 0 be0fa9d2 1
0 220 0 be122b76 1
0 220 0 be0dfbde 1
0 220 0 be0dfac2 3
0 220 0 be0fed16 2
0 35 0 be07cc6a 1
0 220 0 be10d58c 1
0 220 0 be07bc62 3
0 220 0 a11bd2d0 1
0 0 0 c081c8e2 1
0 220 0 a11bca0e 1
0 220 0 be101242 2
0 220 0 c0048496 1
0 220 0 be10c408 6
0 220 0 be0ec14c 1
0 220 0 be083e02 2
0 220 0 a11bcc3c 5
0 220 0 be1011b4 3
0 220 0 be0f1ed2 3
0 220 0 c081b76e 1
0 35 0 be07696c 2
0 35 0 be425a0c 1
0 220 0 c084c51a 1
0 220 0 c0825d28 1
0 220 0 be10dc9a 2
0 220 0 a11bcc4e 1
0 220 0 be0e5cb6 2
0 220 0 c0856fda 1
0 220 0 be10c876 1
0 220 0 be12268a 4
0 220 0 be0fe3ce 1
0 220 0 be10124a 1
0 220 0 be0ff664 1
0 220 0 be122b74 1
0 35 0 c04383a0 1
0 220 0 be0e5ff6 2
0 220 0 be1224e0 1
0 220 0 be0d11bc 1
0 220 0 be0fd962 1
0 0 0 c081c416 1
0 220 0 be0fed14 1
0 220 0 be121eda 1
0 35 0 a11bd510 1
0 35 0 be076e3a 5
0 220 0 be0802f4 1
0 220 0 be0febf8 2
0 35 0 c00491d0 2
0 220 0 be0768ae 1
0 35 0 be076fe4 1
0 220 0 be121f5e 2
0 220 0 be0fc02e 3
0 220 0 be122704 4
0 220 0 a11b9ed0 1
0 220 0 be0e1e42 1
0 35 0 a11b90d2 1
0 220 0 be0e2932 3
0 35 0 c081c89e 1
0 35 0 be104d04 1
0 220 0 be10ca02 3
0 35 0 be0dd7f4 5
0 35 0 be0773da 1
0 35 0 a11c1c46 1
0 220 0 be10c858 2
0 35 0 be078e9a 1
0 35 0 c0438ac2 2
0 35 0 be078ac2 1
0 220 0 be07689a 4
0 220 0 be1225de 1
0 35 0 c04383aa 1
0 220 0 be1224c2 2
0 35 0 c01c8c8a 1
0 220 0 be07fbb4 1
0 35 0 c08537c6 1
0 220 0 be083de2 1
0 220 0 a11bbb26 2
0 220 0 be0f4e4a 2
0 220 0 be076cec 6
0 220 0 be10ce4a 1
0 220 0 be10d3c2 1
0 220 0 be1008d2 1
0 220 0 be110588 1
0 35 0 a11ba0ca 1
0 220 0 be0e26e6 4
0 220 0 a11b9eb2 1
0 220 0 c081b74e 1
0 220 0 a11bcdbc 1
0 35 0 be425a2c 1
0 220 0 be10d81e 3
0 35 0 a11b90dc 1
0 220 0 be07f8ee 1
0 35 0 be07fafc 3
0 220 0 be10d702 1
0 220 0 be12253c 1
0 220 0 be0fd9be 1
0 220 0 c044c83a 1
0 220 0 be0f4af6 1
0 220 0 be0e1814 5
0 220 0 be10cec4 2
0 220 0 be121fba 1
0 220 0 be10d9b4 3
0 220 0 be0faf94 2
0 220 0 be0ffffc 1
0 35 0 be104dba 3
0 220 0 c081b73a 122
0 220 0 be0e373a 1
0 220 0 be10de10 3
0 35 0 be0fb8e2 1
0 220 0 be10d3a4 1
0 0 0 c007e5ba 19
0 35 0 be0fbf76 1
0 220 0 be078d9e 1
0 220 0 be0773e6 1
# cpu=1 samples=2124 lost=0
1 257 0 c081b658 1
1 257 0 c00d01d6 2
1 257 0 a11c1dbc 1
1 35 0 c081b73a 193
1 35 0 2f81d5dc 1
1 257 0 c00d71f2 5
1 257 1 69101b84 9
1 257 1 69117a26 1
1 257 1 6910f7f8 1
1 257 0 c01c4a8e 1
1 35 0 be078826 1
1 257 0 c00725fa 1
1 257 1 6911716e 1
1 257 1 69101b8e 1
1 257 0 c00d0362 1
1 257 0 c00be77c 1
1 257 1 69101686 1
1 257 0 c01c4a7a 2
1 257 0 c00cff8a 1
1 257 0 c0447bb2 3
1 257 0 c0077bb2 2
1 257 0 c00d01b8 1
1 257 1 690fa814 1
1 257 1 6910f532 1
1 257 0 c00c1346 1
1 257 0 c00c1602 1
1 35 0 a11bcdbc 1
1 257 1 6910f644 3
1 35 0 c0851790 19
1 0 0 c084b882 18
1 257 0 c0824ffc 1
1 257 1 956fae9e 1
1 257 0 c00d01c2 4
1 257 0 c044a320 1
1 257 1 69115bb6 1
1 257 0 c00c163e 1
1 257 1 6910ba58 1
1 257 1 691104ba 1
1 257 1 691179ca 1
1 35 0 a11bce68 1
1 257 1 6911442c 1
1 257 0 c00cfadc 1
1 257 1 691156c2 3
1 257 1 6910e73e 1
1 257 0 c081b7a6 1
1 257 0 c00cfa62 1
1 257 0 c0854324 3
1 257 1 691022d8 2
1 257 1 956fa8de 1
1 257 1 6910a7c2 1
1 35 0 c0031b7c 2
1 257 1 6910a692 1
1 35 0 c0872112 1
1 257 0 a11c1ffe 2
1 35 0 a11b97c2 1
1 257 0 c0825d42 1
1 257 1 6911150e 1
1 257 0 c00d0902 1
1 257 1 69101b98 1
1 257 1 956fa688 3
1 257 0 c00c1364 1
1 257 1 956fa69c 1
1 257 0 c00c07fa 1
1 35 0 c04381d8 1
1 257 0 c00d7ad2 5
1 257 0 c00cfd8e 1
1 257 0 c0447c04 2
1 257 0 c0817ec0 1
1 257 1 957015bc 12
1 257 0 a11b8782 1
1 257 0 c00d020a 1
1 257 0 c00d017c 5
1 257 1 69100b50 2
1 257 0 a11b9156 1
1 257 0 c00d72b4 3
1 257 1 69111156 2
1 257 0 c0872130 1
1 0 0 c081c80a 1
1 257 1 690ffa5a 1
1 257 0 c00cff58 1
1 257 0 c007262e 3
1 257 0 c01c2c34 2
1 0 0 c081c3ae 3
1 257 1 690fa2e4 2
1 35 0 be078b16 1
1 257 1 691121c8 2
1 257 0 a11ba256 3
1 257 1 6910c3b4 1
1 35 0 c084c51a 1
1 257 1 6910eee6 1
1 257 1 69101bc2 1
1 257 1 691178a6 1
1 257 0 c00c1748 2
1 257 1 691117d6 2
1 257 1 69101a92 2
1 35 0 be104cde 1
1 257 1 691016ba 1
1 257 0 c081c880 8
1 257 1 69117184 1
1 257 1 6910ba46 4
1 0 0 c081c3c2 1
1 35 0 be4246ce 1
1 257 0 c00d72aa 1
1 257 0 c01c307c 1
1 257 0 c00cfa50 2
1 257 1 690fd37a 2
1 257 0 c006a72c 8
1 257 0 c081c88a 1
1 257 1 6910c1f6 1
1 257 0 c0072610 1
1 257 1 69110ce6 2
1 257 1 69111030 2
1 257 0 c00c07fc 1
1 257 0 c00c1672 2
1 257 1 6910e768 1
1 257 1 956fae80 3
1 35 0 c01c5754 1
1 257 1 691104ee 1
1 257 0 c081b486 1
1 257 1 691118a0 1
1 257 0 c00d71ca 4
1 257 1 691178e2 1
1 257 1 957036b4 5
1 35 0 a11b9f92 24
1 257 0 c00c7598 2
1 257 1 956f1104 1
1 257 0 c00cfde0 1
1 257 0 c00c167c 1
1 257 1 69111938 1
1 35 0 a11bb5ec 1
1 35 0 c0824f16 2
1 257 0 c00d01ae 1
1 257 0 c00d0954 1
1 257 1 690fb5a2 1
1 257 0 a11b9188 1
1 257 1 956bd78e 1
1 257 1 691149c4 2
1 35 0 be07c8aa 1
1 257 0 c00d02a2 1
1 257 1 690ffafc 2
1 257 0 c00cfffa 1
1 257 1 6910ef04 1
1 257 1 690ffa82 2
1 257 0 c0072642 1
1 257 1 69111fae 1
1 257 0 c007203c 1
1 257 1 956fd0e6 1
1 35 0 c006a742 2
1 257 1 956fa7b6 1
1 35 0 c081c3ae 1
1 257 0 c00d72a6 4
1 257 1 69101404 1
1 35 0 be07be36 1
1 257 0 c08721b0 1
1 77 0 c0824f16 1
1 35 0 be07cad0 1
1 257 0 c007269a 1
1 257 0 c00d718a 1
1 257 0 a11c1d4a 1
1 257 0 c01c5758 3
1 0 0 c081b76e 1
1 257 0 a11c1d5e 2
1 257 0 a11b8802 1
1 257 0 c00d0802 1
1 257 1 6911367e 1
1 257 0 c081c42a 3
1 257 1 956fd0a6 2
1 35 0 a11bca56 1
1 35 0 c081c3c2 1
1 257 1 6910c150 1
1 35 0 c005649c 1
1 35 0 a11bd9ac 1
1 35 0 be425a26 2
1 257 0 c01b24f0 3
1 257 1 69115f78 2
1 257 1 691110b0 1
1 257 0 c00d087c 2
1 257 0 c00c136c 1
1 257 1 691112de 1
1 257 0 c0072602 1
1 257 1 69117898 1
1 257 0 c081c416 1
1 268 1 9570e5ec 1
1 35 0 c081c83c 1
1 257 0 a11c1faa 1
1 35 0 a11bb3fc 1
1 257 1 956fd0e2 2
1 257 0 c01c2cc8 2
1 257 1 956faef6 1
1 35 0 a11ba166 1
1 35 0 be0e2166 1
1 257 1 690fb72a 2
1 257 1 6911772a 1
1 257 1 6910e406 1
1 257 0 c0817ee4 6
1 257 0 c0447b9a 84
1 257 0 c00cfb9a 3
1 257 0 c00cfff6 2
1 257 1 956fec44 1
1 257 0 c01c2c44 1
1 257 1 69110da2 1
1 257 0 c00726cc 2
1 257 1 956f10ec 1
1 35 0 c007217a 1
1 257 1 691116d4 2
1 257 0 c08721c4 4
1 35 0 c08720ec 1
1 0 0 c0448556 15
1 257 0 c00bffd8 1
1 257 0 c08266ae 1
1 257 1 6910e73c 1
1 0 0 c0824bea 3
1 257 1 957015b8 2
1 257 0 c0072620 2
1 257 0 c0447c14 3
1 257 0 c00c7580 1
1 257 1 691178ca 2
1 257 1 69101bc8 1
1 257 0 c00d0070 3
1 0 0 c0051772 1
1 257 0 c00c0788 1
1 257 0 c01c2c30 1
1 257 1 691115c2 1
1 257 0 c00d09d6 1
1 257 0 c00c1782 1
1 257 0 c0854342 30
1 257 1 69115894 1
1 257 0 c00d71be 2
1 257 1 69114da4 1
1 257 0 c007203a 8
1 257 1 691168fc 1
1 257 1 6911154a 1
1 0 0 c081b73a 300
1 257 1 6910204e 1
1 35 0 00000000 5
1 257 1 69114b80 1
1 257 0 c00d0002 1
1 35 0 a11bb142 1
1 257 1 69110d20 1
1 35 0 c00492be 2
1 257 1 690fc5ea 2
1 257 1 6910a748 1
1 257 0 c00c7582 2
1 257 1 6910ac32 1
1 257 0 c0872142 2
1 257 1 95703a6c 1
1 0 0 c0051790 1
1 257 0 c00c1764 3
1 257 1 690fb8c2 2
1 257 1 691178c2 1
1 257 0 c00c13a0 3
1 257 0 c0826636 3
1 257 0 c00d021c 1
1 35 0 be07cb9c 1
1 257 0 c00bff60 1
1 257 1 690ff610 1
1 257 1 690fb8cc 1
1 257 1 956fa864 2
1 257 0 c00d09c2 1
1 257 1 69116f34 1
1 0 0 c084b874 2
1 257 1 69101b82 1
1 257 1 690fb908 1
1 257 1 956f557c 1
1 257 0 c00d01ca 1
1 35 0 a11bcc48 1
1 257 0 c00be784 2
1 257 1 6910aace 3
1 257 0 c00d0854 1
1 257 1 6910f4b6 1
1 257 0 c00c1614 1
1 257 1 69101b8c 3
1 257 0 c00d0034 1
1 257 0 c0072192 1
1 35 0 c0031b8a 1
1 257 0 c00725ee 1
1 257 1 956fa8aa 1
1 257 1 6911716c 3
1 257 1 690fb884 2
1 257 1 6910bbce 1
1 257 0 c00c753a 2
1 35 0 a11bb286 1
1 0 0 c007e336 20
1 257 0 c0077bb0 5
1 257 1 6910c128 2
1 35 0 a11bd868 1
1 35 0 a11bd5ac 1
1 257 0 c0824ffa 30
1 257 0 c0817e76 1
1 257 1 69114966 2
1 257 1 69117642 1
1 257 1 691130ca 1
1 257 1 956fa77a 2
1 257 1 69101684 1
1 257 0 c085726a 1
1 257 1 6911726a 1
1 35 0 a11bb5e4 1
1 257 1 956fa6c0 2
1 35 0 c01c8cd8 1
1 257 1 69116f82 2
1 35 0 be0faaec 1
1 35 0 c081c416 2
1 257 1 691162e8 1
1 257 1 6910a744 1
1 35 0 c0030276 4
1 257 0 c00be488 3
1 257 0 c00d71ba 1
1 257 0 a11c1e08 2
1 257 0 c01c5774 1
1 35 0 be0fb70c 1
1 257 0 c00d0292 6
1 257 0 c0078ac6 1
1 257 1 69111c40 1
1 257 0 c01b2502 3
1 257 0 c00674dc 3
1 257 0 c00c0800 1
1 257 1 956fec2e 1
1 257 1 6910eeea 3
1 257 1 69101bc6 1
1 35 0 a11b9744 2
1 257 0 c00c0786 1
1 257 0 c081c3ae 2
1 257 0 c006a73a 1
1 257 0 c00c7574 3
1 257 0 a11b915a 2
1 257 0 c00cfbb6 1
1 35 0 be07c8a4 2
1 257 1 6911b382 2
1 0 0 c0051770 2
1 257 0 c00d0012 1
1 28 0 c009f608 1
1 257 1 6911714a 2
1 257 0 a11b873e 1
1 257 0 c00c75ba 1
1 257 1 6910aaca 2
1 35 0 a11bb604 1
1 257 0 c00d0850 1
1 257 1 6910ac6a 1
1 257 0 c0077cd2 3
1 257 0 c08720ec 1
1 257 0 c081c8c0 5
1 257 0 a11ba990 2
1 257 1 6910ef08 1
1 257 1 69114e38 1
1 35 0 c005649e 1
1 257 0 c00d022c 3
1 257 1 6910238a 1
1 257 1 69111fb2 1
1 257 0 c00d019e 3
1 257 0 c00d72ea 1
1 257 1 690ff634 2
1 257 0 c00d7a90 3
1 257 1 956f10fe 1
1 257 1 690fa1f4 2
1 35 0 a11b9804 1
1 257 1 956fae84 1
1 35 0 a11ba0c6 1
1 257 1 691171ce 1
1 257 0 c00c1788 1
1 0 0 c084b868 1
1 35 0 a11bb126 1
1 0 0 c081c3e6 1
1 35 0 c00484d8 2
1 257 0 c0077cd4 1
1 257 1 69116922 1
1 257 0 c0078b0e 4
1 257 0 c00c25d8 4
1 257 1 69115f44 1
1 257 0 c00cfb3e 3
1 257 1 6910b882 1
1 257 0 c00c02e4 2
1 35 0 c0072142 1
1 257 0 c00d09fc 1
1 257 0 c0077bc2 1
1 257 0 c00cfbc2 1
1 257 1 6910c2c6 1
1 257 0 c084c466 1
1 257 0 c00d0238 1
1 257 1 6910f8e8 1
1 257 0 c081c8c2 1
1 257 1 6911058c 3
1 257 1 956ff524 117
1 257 1 69115682 2
1 257 1 690ff6c4 2
1 257 1 957036c4 1
1 35 0 c0854342 4
1 257 0 c00d72ec 17
1 257 0 a11b8768 1
1 257 1 69100bc4 1
1 35 0 be07ef20 1
1 35 0 c0824ffa 83
1 257 0 c081b4c8 1
1 0 0 c00517ca 1
1 257 1 6910c302 1
1 257 1 690fb6f6 5
1 35 0 a11b86aa 2
1 257 1 6910e3d2 3
1 257 1 69101b9e 1
1 257 0 c0817f3e 1
1 257 0 c044ab8c 1
1 257 0 c0447bf4 9
1 35 0 c0031b64 1
1 257 1 69112842 1
1 257 0 c00c039a 3
1 257 1 690fc39a 1
1 257 1 690fb700 6
1 35 0 be0fbbb0 1
1 257 1 6910bbd6 1
1 257 1 6910f65e 2
1 257 0 c0872190 1
1 257 0 c00c02ee 2
1 257 0 c044c8f4 5
1 35 0 be078e64 1
1 257 0 c00c7542 4
1 257 1 6910c144 1
1 257 1 6910bbcc 1
1 257 0 c0447c5a 4
1 257 0 c044ab78 3
1 35 0 be0e29b2 1
1 35 0 a11b9ec2 1
1 257 0 c00cfb52 1
1 257 1 956fa684 2
1 257 0 c00d0870 1
1 257 0 c00d7202 1
1 0 0 c081b7a6 1
1 257 1 69114498 1
1 35 0 c044a328 1
1 257 1 69110d5a 1
1 0 0 c084b8c2 8
1 257 0 c00c7492 3
1 257 0 c00cff82 2
1 257 0 c00bff82 1
1 0 0 c0051aae 2
1 257 0 c00d01b0 1
1 257 0 c00be76a 8
1 35 0 a11b9118 1
1 257 0 c00c1674 2
1 257 0 c0872164 1
1 257 1 6910e420 4
1 257 1 69111bec 3
1 257 0 c00c15fa 1
1 257 0 c0072662 1
1 35 0 c01c4a7a 1
1 257 1 69102434 1
1 257 0 a11b8592 2
1 257 0 c0078b0a 1
1 257 0 c02c9222 1
1 257 1 691136ca 1
1 35 0 a11bd9d0 1
1 257 1 6911170c 1
1 257 0 c00cfbb4 1
1 257 0 c0817e70 11
1 257 1 69115fce 1
1 35 0 a11bce52 2
1 257 1 690fd3c2 1
1 0 0 c007e2f6 1
1 35 0 c00492cc 1
1 257 1 690ff61e 3
1 257 1 956fec40 1
1 257 1 691113a4 2
1 257 1 69101660 1
1 0 0 c0824c04 3
1 257 0 c00cfc2e 1
1 35 0 a11bca00 1
1 35 0 c0048492 3
1 257 0 c081b73a 189
1 257 0 c00d71c2 7
1 257 1 69117892 1
1 35 0 c00491ce 2
1 35 0 c081c87e 1
1 257 0 c00d02f4 5
1 257 0 c00cfd7c 3
1 257 1 6910a70e 1
1 257 0 c00725f2 10
1 0 0 c084b866 13
1 257 1 69117888 1
1 257 1 690ff65a 2
1 35 0 be0801f4 1
1 35 0 be07622c 3
1 35 0 c01c4aa2 1
1 257 1 6910ef4c 1
1 257 1 956fd0aa 2
1 35 0 be0fa9d2 1
1 257 0 c0872112 1
1 257 1 6910e3ce 1
1 35 0 a11b91c4 1
1 257 1 69115692 2
1 257 0 c00cfaac 1
1 257 0 c00d07ca 1
1 35 0 c081b7a6 1
1 257 1 6911b38a 1
1 257 0 c00c752a 8
1 35 0 be07696c 1
1 257 0 c00c75b8 1
1 257 1 956fe792 2
1 257 1 956fa792 1
1 257 0 c0857282 2
1 257 0 c01c4a90 3
1 257 0 a11c1e42 1
1 257 0 c00d0a02 2
1 35 0 be077108 1
1 257 1 6910f5c2 2
1 257 0 c00cffb6 4
1 257 1 69101b9c 1
1 257 1 69112086 2
1 257 1 69102342 1
1 257 0 c00cfb50 7
1 257 1 690fa2b4 2
1 35 0 be07ee4e 1
1 257 1 956fe79e 1
1 35 0 c003027a 1
1 257 0 c081c882 2
1 0 0 c081c416 2
1 257 0 c00d0882 2
1 35 0 be07ccdc 1
1 35 0 be0768c2 1
1 35 0 c00491d0 1
1 35 0 c081c880 1
1 257 1 691027a8 1
1 257 1 69114d4e 1
1 257 1 6910aad4 2
1 257 1 690fa818 3
1 257 1 69117880 2
1 257 1 69117396 1
1 257 0 c02c9238 3
1 257 1 690ff90e 1
1 257 0 c00cfbca 1
1 257 0 c0872184 1
1 257 1 69101b92 1
1 257 0 c0072682 3
1 257 0 c00cfbd4 1
1 257 0 c0817e90 1
1 0 0 c081c802 1
1 35 0 c08539d6 1
1 257 0 a11ba9c2 1
1 257 0 c006a742 5
1 257 1 956fa742 1
1 257 0 c0041b36 2
1 35 0 c08537c6 3
1 257 0 c00d71a4 2
1 257 0 c0817ec2 4
1 257 0 a11c2020 2
1 257 1 690fa034 1
1 35 0 be425a2c 1
1 257 0 c01b25ac 1
1 257 1 690fa1d4 1
1 257 1 690ffafe 2
1 257 1 6910b842 1
1 257 1 69117726 1
1 257 1 69102402 2
1 257 1 691162e6 1
1 257 0 c00bff5a 1
1 35 0 c00484da 1
1 257 1 69111c3e 2
1 257 1 691169ea 1
1 257 1 691118f4 1
1 257 1 6910e3e4 1
1 257 1 6910a6a0 1
1 257 1 6910c398 1
1 257 1 690fb8a8 1
1 257 0 a11c1f04 2
1 257 1 956fa7c6 1
1 257 1 6910c3ac 1
1 257 0 c0072132 1
1 257 0 c0078ac4 1
1 257 1 6910e3ee 1
1 35 0 a11bb598 1
1 257 1 956fa8d8 1
1 0 0 c007e5ba 8
1 35 0 be078b82 1
1 257 0 c00c1870 1
1 257 0 c00d0202 4
1 257 0 c01c5754 1
