# timer-PC diagnostic; CPU PID USER PC HITS
# cpu=0 samples=2336 lost=0
0 220 0 be077034 2
0 220 0 be0f4e48 1
0 220 0 be076cea 1
0 35 0 c081b73a 106
0 220 0 be0fae8a 2
0 35 0 be07b8e4 1
0 35 0 be078826 2
0 220 0 be0f4b82 2
0 220 0 be0dfd48 1
0 220 0 be07fa8c 2
0 220 0 be0fef0e 1
0 220 0 c081b486 1
0 220 0 be1220d4 8
0 35 0 a11bcd9e 1
0 220 0 be07f970 3
0 220 0 be0fda40 1
0 220 0 be0f4c94 2
0 220 0 be122b36 8
0 220 0 be0e1fb8 1
0 35 0 be1132d4 1
0 220 0 be0fd924 7
0 220 0 be078da6 1
0 220 0 c0826642 1
0 220 0 c00484e4 1
0 220 0 be0773ee 1
0 220 0 be07d202 1
0 35 0 a11b9ebc 1
0 220 0 be10b58e 1
0 220 0 be0fed5a 2
0 35 0 be0801ba 1
0 35 0 be0fae96 2
0 0 0 c084b878 1
0 220 0 be122754 1
0 35 0 be07c8c8 1
0 220 0 be11165e 1
0 220 0 be10de04 1
0 220 0 be1004da 1
0 220 0 be0803be 3
0 220 0 be0e0e20 1
0 35 0 c0851790 19
0 0 0 c084b882 14
0 220 0 be10d910 1
0 35 0 c0055a6a 2
0 220 0 be0fd882 6
0 220 0 be100d04 5
0 220 0 be1a6ba6 3
0 220 0 be0f1dfa 3
0 292 0 c08188c2 1
0 77 0 c00913b2 1
0 220 0 be0773da 2
0 35 0 c0056448 2
0 220 0 be0fa9fc 1
0 220 0 be10ce16 1
0 220 0 be122624 4
0 220 0 be1004c6 4
0 220 0 be0fd878 5
0 220 0 be0fdaa6 1
0 35 0 c0055716 1
0 220 0 be10c5d8 3
0 220 0 be10054a 1
0 220 0 be0eaedc 3
0 220 0 be078d7e 1
0 35 0 be0fde38 1
0 220 0 be12235e 1
0 220 0 be07d1da 1
0 35 0 a11b97c2 1
0 220 0 c006a72c 1
0 220 0 be0dfd9a 4
0 220 0 a11bd8f2 2
0 292 1 956d31e4 1
0 220 0 a11bae44 1
0 220 0 be080ce6 1
0 35 0 be07d240 2
0 220 0 a11bcc58 1
0 220 0 be076fe4 1
0 220 0 c044a238 2
0 220 0 c081c880 2
0 220 0 be10962c 1
0 35 0 c0438382 2
0 220 0 be10611c 1
0 220 0 be0e07f2 6
0 35 0 a11bb05e 2
0 220 0 be07634a 5
0 220 0 be0768c2 2
0 220 0 a11bd85a 2
0 35 0 a11bcde4 1
0 220 0 be1005e0 3
0 220 0 a11bdbc0 2
0 220 0 c081b7a6 2
0 35 0 a11b8ef8 1
0 220 0 be0e0e14 3
0 220 0 a11bce14 1
0 220 0 be07f9d4 3
0 220 0 be0fd7e8 1
0 220 0 a11bcc6a 1
0 220 0 be0f4b4e 3
0 220 0 be10d0c6 3
0 220 0 a11be1bc 5
0 220 0 be10de72 2
0 0 0 c081c3ae 1
0 220 0 be077108 1
0 220 0 c00484ba 2
0 35 0 be078b16 2
0 220 0 be0fa8d4 4
0 220 0 be100c60 2
0 220 0 be0fab02 3
0 35 0 c04381d0 1
0 220 0 be1011d8 1
0 220 0 be0f4e8e 1
0 220 0 be1096c2 1
0 35 0 c0824eee 2
0 35 0 a11be818 1
0 35 0 a11b9740 2
0 220 0 be10d0bc 3
0 220 0 a11bd8f0 32
0 35 0 a11ba002 1
0 220 0 a11bcd72 2
0 220 0 a11bddda 1
0 220 0 be100422 1
0 220 0 be076af8 1
0 35 0 a11bb214 1
0 35 0 be078882 1
0 35 0 be06f55e 1
0 220 0 be0e2ec6 1
0 220 0 be10c7f0 3
0 0 0 c081c3c2 1
0 220 0 be0dfc72 7
0 35 0 a11b9ff8 1
0 220 0 be0dfbe4 1
0 220 0 be0fedaa 2
0 220 0 be07fb56 6
0 220 0 be10dee2 4
0 35 0 c004924c 2
0 220 0 be122688 1
0 220 0 be1223cc 1
0 35 0 be104cf2 1
0 220 0 c084c6ca 2
0 220 0 be078c42 1
0 35 0 c01c5754 1
0 220 0 a11bdcaa 2
0 35 0 c044c6ec 3
0 35 0 c005ea82 2
0 220 0 be1105ae 3
0 35 0 a11b9f92 1
0 220 0 be0f4cc6 1
0 220 0 c0048492 3
0 220 0 be122334 1
0 35 0 be0768ce 1
0 220 0 c081b658 1
0 220 0 be1094fa 1
0 220 0 be10d4fa 1
0 220 0 be1011b0 1
0 220 0 be0ff052 1
0 220 0 be121f5c 5
0 35 0 be07cc5a 1
0 220 0 be0fe702 3
0 220 0 be100d4a 3
0 220 0 a11bca00 1
0 220 0 be10d83a 2
0 220 0 be0fee1a 1
0 220 0 be0e2d8c 1
0 220 0 be10d9da 1
0 35 0 be0fb698 1
0 220 0 be07faaa 1
0 220 0 be0937ee 1
0 220 0 be0fafba 2
0 220 0 be10643c 1
0 35 0 be076f80 2
0 220 0 c044a320 2
0 35 0 be0dd16c 1
0 292 1 956da74e 1
0 220 0 be0faac6 2
0 35 0 a11bb600 1
0 35 0 a11b8f2a 1
0 220 0 be10baa0 4
0 220 0 c084d942 1
0 220 0 a11bce52 4
0 220 0 be1060e8 5
0 220 0 be0e1e2c 1
0 220 0 be10d56a 1
0 0 0 c08249fa 1
0 35 0 be07c8a0 1
0 220 0 be122544 1
0 220 0 be07bbb2 9
0 220 0 be12244e 1
0 35 0 be07be36 5
0 220 0 be0e2f3e 1
0 220 0 be10d8d0 1
0 220 0 be0e1842 4
0 220 0 be07d842 1
0 35 0 c00721c2 1
0 220 0 be10e8aa 2
0 220 0 be0dfc5c 1
0 220 0 be10b39a 1
0 35 0 c005564e 1
0 220 0 be0ff050 3
0 220 0 be0e24d2 1
0 220 0 be0fd954 5
0 220 0 a11bd954 1
0 35 0 be06f56a 1
0 220 0 be10085e 1
0 220 0 be10e92e 5
0 220 0 be07d838 1
0 35 0 c0438b4a 2
0 35 0 be07888e 2
0 35 0 c0056474 1
0 220 0 a11b9fde 4
0 220 0 c084d9d8 1
0 220 0 be07faa8 1
0 220 0 a11b9ec2 2
0 220 0 a11baf2a 1
0 220 0 be0fef2a 1
0 35 0 be424fb0 2
0 220 0 be0fe6f6 1
0 220 0 be0f1e34 1
0 220 0 be0e1e34 1
0 35 0 a11bb3e8 2
0 220 0 be0ff158 1
0 220 0 c0824ffa 98
0 220 0 be10d4e4 1
0 220 0 be10c6aa 1
0 220 0 be0faac4 2
0 220 0 a11bdfd4 2
0 220 0 be10d9ce 1
0 35 0 be093504 2
0 220 0 be10c61c 1
0 35 0 c084c56c 1
0 220 0 be07f982 1
0 220 0 be0fd824 5
0 35 0 be424702 1
0 220 0 be0fee04 4
0 220 0 be07bbb0 1
0 220 0 be0fbbb0 3
0 77 0 c00d7f5a 1
0 220 0 be0e374a 1
0 220 0 a11bae88 1
0 220 0 be0e181a 1
0 220 0 be10981a 1
0 35 0 c0055b60 1
0 220 0 be10c952 1
0 220 0 be10d9ba 1
0 220 0 a11bdbe8 1
0 220 0 be0fd92c 1
0 220 0 be0fecde 1
0 35 0 a11ba166 1
0 220 0 be07d810 4
0 35 0 c0055ac8 1
0 220 0 be0f4c92 1
0 220 0 c0854342 12
0 220 0 be10c5fe 1
0 220 0 be0e20c8 1
0 220 0 be1a6bb8 4
0 220 0 a11baf86 1
0 220 0 be1008b0 1
0 0 0 c0448556 7
0 220 0 be0fd88a 1
0 220 0 be0f1e02 6
0 220 0 a11bcd0c 1
0 220 0 c00484d8 6
0 35 0 be0dd1a0 1
0 35 0 c0438b02 1
0 220 0 be1a6cc0 5
0 220 0 a11be142 2
0 220 0 c0872142 3
0 220 0 be07878a 1
0 220 0 be0fae60 1
0 220 0 be0fd7f2 1
0 220 0 be425536 1
0 220 0 be0767cc 1
0 35 0 be4259ca 2
0 220 0 c044c834 1
0 220 0 be076904 1
0 220 0 be07f9fa 1
0 220 0 be07bc28 3
0 35 0 c00721f6 1
0 220 0 be1094c4 2
0 220 0 be110718 1
0 220 0 be0f4c02 1
0 220 0 be076aa4 2
0 220 0 be12275a 1
0 220 0 c005649e 2
0 220 0 be076cd2 1
0 220 0 be1004e0 2
0 220 0 be10a382 1
0 220 0 be122382 1
0 0 0 c081b73a 164
0 220 0 be113734 5
0 220 0 be078d14 2
0 35 0 00000000 5
0 35 0 a11bb510 1
0 220 0 be1094ba 1
0 220 0 be0ff012 2
0 220 0 be10c5f2 1
0 220 0 be0fe6c2 1
0 35 0 a11bb142 1
0 220 0 be10d888 1
0 220 0 be10d310 1
0 220 0 be0773e0 7
0 220 0 be10e0bc 1
0 220 0 c0826634 1
0 220 0 be10c9c0 2
0 220 0 be0e1fa0 2
0 220 0 be0fedda 2
0 220 0 be100c7c 1
0 220 0 be1011f4 1
0 220 0 be0f4bee 1
0 220 0 be0ddf12 1
0 220 0 be1095c2 2
0 220 0 be078d00 1
0 220 0 a11be2e0 1
0 220 0 be07d7f0 1
0 220 0 be1011ea 1
0 220 0 be0fa858 1
0 220 0 a11bcea0 1
0 0 0 c084b86a 1
0 220 0 be0fed42 1
0 220 0 be0fbdaa 9
0 220 0 be12273c 1
0 220 0 be1105de 1
0 35 0 be07cb9c 2
0 220 0 be100b56 2
0 220 0 c08266ae 1
0 220 0 be07684e 3
0 220 0 be08028a 1
0 220 0 be10c802 3
0 220 0 a11bd86a 1
0 35 0 a11bd7c6 2
0 35 0 be0768bc 1
0 220 0 be12235a 2
0 220 0 be426616 2
0 220 0 a11bcc5e 1
0 35 0 c0031b8a 1
0 220 0 be10d404 1
0 220 0 a11be23e 1
0 35 0 a11bcdde 2
0 220 0 2f800914 2
0 220 0 be07c5ca 1
0 220 0 be0dfd96 2
0 220 0 be0e2122 1
0 220 0 be10d2e8 1
0 220 0 be0fb702 2
0 220 0 be1a6b84 1
0 220 0 be0dfc7a 1
0 220 0 be082006 3
0 220 0 a11b9744 1
0 220 0 be10ce82 3
0 220 0 be10ad24 5
0 220 0 be0f4bc6 1
0 220 0 be10bad0 3
0 0 0 c007e336 14
0 220 0 a11baec4 1
0 220 0 a11be118 2
0 220 0 be10bfba 1
0 220 0 be0e5e5c 2
0 35 0 be0f4fa6 1
0 220 0 c00484a4 3
0 220 0 be0804a4 1
0 35 0 be426614 2
0 220 0 a11bd7c8 1
0 35 0 be425a08 1
0 220 0 be077064 3
0 220 0 be1011c2 3
0 220 0 be10dcb2 1
0 220 0 be0f4e78 2
0 220 0 be0fe3ca 1
0 220 0 a11bd84c 29
0 220 0 be0ff660 3
0 220 0 be10d502 2
0 220 0 be0e5ff2 4
0 220 0 be4200c2 2
0 220 0 a11b9730 2
0 35 0 a11bb5e4 1
0 220 0 be1095ac 7
0 35 0 a11bd7c8 3
0 220 0 be0dfc82 2
0 35 0 c01c8cd8 5
0 220 0 be426614 3
0 220 0 be10b560 1
0 220 0 be10bfc2 2
0 35 0 c0030276 2
0 220 0 be122698 2
0 35 0 a11bcc40 1
0 220 0 c00484ac 1
0 220 0 be1a6b82 2
0 220 0 be10e7aa 1
0 220 0 be10c302 1
0 220 0 be113784 1
0 220 0 be0f268e 1
0 220 0 c00484a2 1
0 35 0 c005561e 1
0 35 0 a11bd5ae 1
0 35 0 be0fb70c 1
0 220 0 be0768bc 1
0 220 0 be076e34 5
0 220 0 a11bcc48 2
0 35 0 c081c42a 1
0 220 0 be0faa5c 1
0 220 0 a11baf46 1
0 220 0 a11b9ede 1
0 35 0 c01c5758 2
0 220 0 be10bfae 4
0 220 0 be100526 1
0 220 0 be07d84a 1
0 220 0 be0fbf20 3
0 220 0 be1a6b6e 3
0 220 0 be0de33a 2
0 220 0 be07f91a 1
0 35 0 be425a00 1
0 220 0 be0829c4 3
0 220 0 be121ed4 4
0 220 0 be106102 2
0 220 0 be0e2f3c 3
0 220 0 a11bcdde 3
0 220 0 be10d356 1
0 35 0 c01c8c5e 1
0 220 0 be10e936 1
0 35 0 c0072122 1
0 220 0 be10c48e 1
0 220 0 be100cc2 2
0 35 0 be07c5ca 3
0 35 0 c08721b0 1
0 220 0 be0e2d92 1
0 220 0 be100c34 3
0 220 0 be12278c 1
0 35 0 c005599a 1
0 220 0 be07fa22 1
0 0 0 c0051770 1
0 220 0 be0e2f32 2
0 220 0 be0de326 1
0 35 0 be07be42 1
0 220 0 a11be298 1
0 35 0 c0030294 4
0 220 0 be4253d0 3
0 220 0 be1223aa 2
0 220 0 c08720ee 3
0 35 0 c01c8c72 1
0 220 0 be0ff0c8 2
0 220 0 be10e894 2
0 35 0 a11bb576 1
0 220 0 be07fa9c 1
0 220 0 be0e1e28 7
0 220 0 be0dfcca 2
0 220 0 be0e1822 1
0 35 0 c005649e 2
0 220 0 be100ca4 1
0 220 0 be0fdfc8 1
0 220 0 be0770be 1
0 220 0 be10d44a 3
0 220 0 be106168 2
0 35 0 be07fb02 1
0 35 0 a11bb72a 1
0 220 0 be0ff142 1
0 35 0 a11b9804 2
0 220 0 be1a6df8 3
0 220 0 be10cec8 1
0 220 0 be10d92a 4
0 220 0 be10d3b2 1
0 35 0 a11bcd0c 1
0 35 0 c00484d8 2
0 220 0 be0faaca 1
0 220 0 be0eaf26 3
0 220 0 be0e5e30 3
0 220 0 be07d82a 1
0 220 0 be100478 1
0 35 0 c004927a 1
0 35 0 be0f4fbe 1
0 220 0 c081c3ea 1
0 220 0 be0e9a58 7
0 220 0 be07f8fa 1
0 220 0 be1099ca 1
0 35 0 be11334a 1
0 220 0 be0f4b02 2
0 0 0 c084b87c 1
0 35 0 c0072142 1
0 220 0 be0f4ca2 2
0 220 0 be100b86 6
0 220 0 a11ba166 1
0 220 0 be1226de 2
0 220 0 be0fef12 2
0 220 0 be10d4cc 1
0 220 0 be0e1f2e 3
0 220 0 c081c8c0 7
0 35 0 c007203a 3
0 220 0 be0faf96 1
0 220 0 be0e2f08 1
0 220 0 be10d322 1
0 220 0 be0e226e 1
0 220 0 be0fed5e 3
0 220 0 c084c56c 2
0 220 0 be081e96 4
0 35 0 be07ef20 1
0 35 0 c0824ffa 352
0 220 0 be100c84 2
0 220 0 be07bb8e 1
0 220 0 be0803c2 1
0 220 0 be076f82 1
0 220 0 be0fe6c0 1
0 220 0 be100562 1
0 220 0 be10d39c 2
0 35 0 c02c92a2 1
0 220 0 a11bd886 4
0 35 0 be0faf16 1
0 220 0 be10c18a 3
0 220 0 be424702 3
0 220 0 be0fb69a 1
0 220 0 be0773de 2
0 220 0 be0ffb84 1
0 220 0 be4251f2 1
0 35 0 be0935aa 1
0 220 0 be0ddf9e 4
0 220 0 c085432a 1
0 220 0 be0faa00 2
0 220 0 be10c8a2 2
0 220 0 be122744 3
0 220 0 be10bfe0 3
0 220 0 be424d8c 1
0 220 0 be07636c 3
0 35 0 be0e2188 2
0 220 0 be10ddf4 6
0 220 0 be08066a 1
0 35 0 a11bccc4 2
0 220 0 a11be1c2 2
0 220 0 be1061c2 1
0 220 0 c044c80a 1
0 220 0 be078d82 2
0 220 0 be100d82 2
0 35 0 be0e29b2 1
0 220 0 be07684c 1
0 220 0 be0fbeba 3
0 220 0 be10c432 1
0 220 0 be06f56a 3
0 220 0 be0767be 3
0 220 0 be07c5d2 1
0 220 0 c087212a 1
0 220 0 be100800 6
0 220 0 a11bd8f6 1
0 220 0 be0e6034 1
0 0 0 c084b8c2 2
0 220 0 be0ddfa6 1
0 220 0 be121fa6 2
0 220 0 be07d1fa 1
0 220 0 be111772 2
0 35 0 a11bb644 1
0 292 0 c01c1936 1
0 220 0 be076f80 1
0 220 0 be10bfe8 1
0 220 0 be0fe402 3
0 220 0 be0e2402 2
0 220 0 be10d884 4
0 35 0 be07d234 3
0 220 0 be0fec36 1
0 220 0 be1225a2 1
0 220 0 be0fb698 3
0 220 0 be0773dc 1
0 220 0 c081b60a 1
0 220 0 be4251f0 1
0 220 0 be10c672 4
0 220 0 be10c8a0 2
0 220 0 c006a742 1
0 35 0 be0dda54 1
0 35 0 c0049220 1
0 220 0 be0feee8 2
0 77 0 c0824ffa 1
0 220 0 be0e23f8 5
0 220 0 c044c812 1
0 220 0 be0fe6b4 11
0 35 0 c0824ee0 1
0 35 0 be0faac6 1
0 220 0 be07636a 1
0 220 0 be078784 1
0 220 0 be10ddf2 1
0 220 0 be1097ec 1
0 220 0 be0e11e6 1
0 35 0 a11bce52 1
0 35 0 be0fa9c8 1
0 220 0 c006a7c6 1
0 220 0 a11b9f92 16
0 220 0 a11bd98c 1
0 220 0 be0fbda6 2
0 220 0 be1105da 1
0 220 0 be100b52 1
0 220 0 be100202 1
0 220 0 be0e3712 2
0 220 0 be122b94 2
0 0 0 c0824c04 1
0 35 0 a11bca00 1
0 35 0 c0048492 4
0 220 0 be0e223a 6
0 220 0 be06f55e 2
0 220 0 be10962e 3
0 35 0 c00491ce 1
0 220 0 be0fec9c 2
0 220 0 be10d2e4 1
0 220 0 be08027c 1
0 220 0 be122608 3
0 35 0 be07b9c0 1
0 0 0 c084b866 10
0 220 0 be0e6002 2
0 220 0 be0fbea4 2
0 35 0 c0072124 5
0 220 0 be0e3326 1
0 35 0 a11bd8f0 5
0 220 0 be12257a 1
0 220 0 be100bc2 1
0 35 0 be0801f4 3
0 220 0 be10d0ac 6
0 220 0 be12271a 1
0 35 0 be07622c 2
0 220 0 be07bc6c 1
0 0 0 c084b870 1
0 220 0 be0dfbde 3
0 220 0 be0dfac2 1
0 220 0 be100bb8 3
0 220 0 be0fed16 3
0 35 0 be07cc6a 1
0 220 0 be10d58c 1
0 220 0 be07bc62 2
0 220 0 be0dfc62 1
0 220 0 be101242 9
0 220 0 c0048496 2
0 220 0 be10c408 5
0 220 0 be0ec14c 1
0 220 0 be1011b4 4
0 220 0 be07fab8 1
0 220 0 be0f1ed2 2
0 35 0 be425a0c 1
0 220 0 c084c51a 6
0 220 0 be10dc9a 1
0 292 0 c00aa8dc 1
0 220 0 be10d482 1
0 35 0 be0dd8f2 1
0 35 0 be0d98f2 2
0 35 0 a11bd8f2 1
0 35 0 c08721b4 1
0 220 0 be0dfaca 1
0 220 0 c0856fda 2
0 220 0 be109622 1
0 220 0 be10c876 1
0 220 0 be12268a 5
0 220 0 be0fec02 1
0 35 0 c081c42e 1
0 220 0 c0872112 2
0 35 0 c0055a9c 1
0 35 0 be07ee4e 1
0 220 0 be0ff664 4
0 220 0 be122b74 2
0 220 0 be0d656e 1
0 35 0 be07d1da 2
0 220 0 be0e5ff6 2
0 220 0 be4200c6 1
0 220 0 be0fd962 1
0 35 0 be076e3a 2
0 35 0 be0768c2 2
0 220 0 be0febf8 5
0 35 0 c00491d0 3
0 35 0 a11bcc58 1
0 220 0 be08207a 1
0 220 0 be10c6c2 3
0 220 0 be07c6c2 1
0 35 0 be076fe4 1
0 35 0 c044a238 2
0 220 0 be121f5e 1
0 35 0 a11bd994 1
0 220 0 c0056448 1
0 220 0 be0fc02e 3
0 220 0 be122704 2
0 35 0 be08138e 2
0 35 0 a11b90d2 1
0 220 0 be10e932 1
0 220 0 be10ca02 2
0 220 0 be0fe6fa 1
0 35 0 be078e9a 1
0 35 0 c00555b2 2
0 220 0 be0fb6d4 2
0 220 0 a11bd22c 2
0 220 0 be07689a 2
0 35 0 c01c575c 1
0 35 0 c00491e4 1
0 220 0 be10d944 2
0 220 0 a11bbb26 2
0 220 0 be10ce4a 2
0 220 0 be0f4e4a 3
0 220 0 be076cec 9
0 220 0 be10d3c2 2
0 220 0 be1008d2 1
0 220 0 be110588 2
0 220 0 be0e26e6 1
0 220 0 a11b9eb2 3
0 220 0 a11bcdbc 1
0 220 0 be0fb6c0 1
0 220 0 be10d2a6 2
0 35 0 be425a2c 1
0 220 0 be122b42 2
0 220 0 be0dfc38 1
0 220 0 be10d81e 3
0 220 0 be07f8ee 2
0 35 0 be07fafc 2
0 220 0 be109702 1
0 220 0 be0f4af6 1
0 292 1 690eda00 1
0 220 0 be10c1a6 1
0 220 0 be07d814 1
0 220 0 be0e1814 2
0 220 0 be10cec4 1
0 220 0 be10c602 1
0 220 0 be1008be 1
0 220 0 be0faf94 4
0 220 0 be0ffffc 1
0 35 0 be104dba 2
0 220 0 be0fe388 2
0 220 0 c081b73a 126
0 220 0 be0e373a 1
0 220 0 be10de10 3
0 220 0 be0762fa 1
0 35 0 be093514 2
0 0 0 c007e5ba 9
0 35 0 be078b82 2
0 35 0 c00564ac 1
0 35 0 be0fbf76 2
# cpu=1 samples=2086 lost=0
1 281 1 69024382 2
1 281 0 c044c8fa 1
1 281 0 c00d02f4 4
1 35 0 c081b73a 137
1 281 0 c00cfd7c 3
1 281 1 690187de 1
1 281 0 c00725f2 11
1 35 0 be078826 1
1 35 0 be0773e6 1
1 281 1 69013aca 1
1 281 1 6900a3ce 1
1 281 0 c0872112 1
1 281 0 c00d0270 1
1 281 1 69013c6a 1
1 35 0 be1132d4 1
1 281 1 69017f08 1
1 281 0 c0077bbe 1
1 281 0 c00c752a 6
1 35 0 be0fae96 2
1 281 1 6901afb2 1
1 0 0 c084b878 1
1 281 0 c0857282 1
1 281 1 690153e0 1
1 35 0 be07c8c8 2
1 281 0 a11c1e42 2
1 281 1 690152c4 1
1 281 1 95763166 1
1 281 0 c01c4a90 2
1 281 1 6901848a 1
1 281 0 c0824eec 2
1 35 0 c0851790 11
1 0 0 c084b882 22
1 281 0 c00cff82 3
1 281 1 6901ff82 3
1 281 0 c00bff82 4
1 35 0 c0055a6a 1
1 281 0 c00c7492 3
1 281 0 c00d07b6 2
1 281 1 69008a72 1
1 281 1 6900ab42 1
1 281 1 95762b42 4
1 281 0 c00d01b0 4
1 35 0 c0056448 2
1 281 1 6901f2e8 1
1 281 0 c00be76a 4
1 281 0 c0872164 1
1 281 1 69013744 1
1 35 0 be078b1e 1
1 281 1 6901b0c4 1
1 281 0 c02c9222 2
1 35 0 c0055716 1
1 281 1 6901e890 1
1 281 0 c00cfbb4 1
1 281 0 c0817e70 3
1 281 1 95761106 2
1 281 1 6901c616 1
1 35 0 c08720f4 1
1 281 0 c0817ee0 1
1 35 0 a11b97c2 1
1 281 0 c00cfdc4 6
1 281 0 c00d0080 3
1 281 1 6901ac40 1
1 281 1 6900abc6 6
1 281 0 c007264e 1
1 281 0 c00cfc2e 2
1 281 1 69017eea 1
1 35 0 c01c4a9a 1
1 281 0 c01b2532 1
1 281 0 c00d71c2 1
1 281 0 c081b73a 201
1 281 0 a11b9162 1
1 281 0 c044c92e 1
1 281 0 c006a742 1
1 281 0 c00c757c 1
1 281 1 69015302 3
1 281 1 6901a36a 1
1 281 0 c0817ec2 7
1 281 0 a11c2020 1
1 281 1 690173d2 1
1 0 0 c081c80a 1
1 281 1 690046f6 12
1 35 0 c0048496 1
1 281 0 c01b25ac 3
1 281 1 69019fa6 1
1 0 0 c081c3ae 1
1 35 0 be42500a 1
1 35 0 c0824eee 1
1 281 0 c00bff5a 5
1 281 1 69004700 11
1 281 1 6901865e 2
1 281 1 6901488c 2
1 35 0 a11bb214 1
1 35 0 c081c882 1
1 281 1 6902016a 1
1 281 1 9575e7b2 1
1 281 1 69018398 1
1 281 1 9575e7c6 1
1 281 1 69019f04 1
1 281 0 a11c1f04 1
1 281 1 6901d98c 1
1 281 0 c00c1642 1
1 35 0 c081e710 1
1 281 0 c00d0202 1
1 281 0 c00c1870 6
1 281 1 6901b684 1
1 281 0 c00c17e2 1
1 281 1 690184be 1
1 281 1 690046ec 1
1 35 0 c004924c 1
1 281 0 c00c1624 1
1 281 1 6901852e 1
1 281 0 c00cffb6 2
1 281 1 690201e4 1
1 281 0 c00725fe 1
1 35 0 a11b9f92 27
1 281 0 c00cfb50 2
1 281 0 c00cfac2 3
1 281 1 6901ef44 2
1 281 0 c00d7200 1
1 281 0 a11ba9cc 1
1 281 0 c081c882 5
1 281 1 69014882 1
1 281 1 6900b442 2
1 281 0 c02c9238 1
1 281 0 c0824eee 1
1 281 1 9575e78a 1
1 281 0 c0072682 3
1 281 1 6901958c 1
1 281 1 6901e5f4 2
1 281 0 c00d01da 1
1 281 1 690086c4 1
1 281 0 c0817e90 4
1 281 1 6901c636 2
1 35 0 be07c8a0 1
1 281 0 c081b76e 1
1 35 0 c081c3ae 1
1 35 0 c00721c2 1
1 281 0 c00d0012 1
1 35 0 a11bca42 2
1 281 0 c00d09e6 1
1 0 0 c081b76e 2
1 281 1 6901a780 1
1 35 0 be07888e 1
1 281 0 c00d0850 2
1 281 0 c0077cd2 1
1 281 1 69015182 1
1 281 1 69018692 1
1 281 0 c081c8c0 6
1 35 0 c081c3c2 1
1 281 0 a11ba990 1
1 281 0 c00d022c 2
1 281 1 6901773c 2
1 35 0 a11bd9ac 1
1 281 0 c00d019e 1
1 35 0 c084c56c 2
1 281 0 c00cfb98 1
1 35 0 be425a26 1
1 35 0 a11bb60c 1
1 281 1 95721792 1
1 281 1 6901d9c0 2
1 35 0 be0fb69a 1
1 281 1 690208ca 1
1 281 0 c00d7a90 1
1 281 1 690207ae 1
1 281 1 6900abc8 1
1 35 0 c081c8ac 1
1 35 0 a11bb728 1
1 35 0 c0031b60 1
1 281 1 690202a6 1
1 35 0 be4258a4 1
1 281 1 6901481e 1
1 35 0 a11bb3fc 1
1 281 1 6901a02c 1
1 35 0 a11ba166 1
1 281 0 c00d0930 1
1 281 1 69009f9e 4
1 281 0 c00be488 1
1 35 0 c00484e8 1
1 281 1 957550ea 2
1 281 1 6901a152 2
1 281 1 6901eefe 1
1 281 1 690136a4 2
1 281 1 6901e63c 1
1 281 0 c081c3c2 1
1 281 0 c0078ac6 2
1 281 0 c00d0292 2
1 281 0 c00cfc8c 3
1 0 0 c0448556 20
1 281 0 c01b2502 1
1 281 1 9575e7be 1
1 35 0 c0826780 1
1 281 0 c00674dc 6
1 281 1 95762c2e 4
1 281 0 a11b8786 1
1 281 1 6901a2de 2
1 281 0 c081c3ae 1
1 281 0 c01b250c 1
1 281 0 a11b915a 1
1 281 1 957610cc 1
1 281 0 c044ab82 1
1 281 1 6900ab82 1
1 35 0 be0fbbae 1
1 281 0 a11b8768 4
1 281 1 6901f92e 1
1 281 0 c00c17d0 1
1 281 0 c044c996 2
1 281 0 c00d00d4 1
1 281 0 c00c0302 1
1 281 1 69013ace 1
1 281 0 c081b4c8 4
1 35 0 be0fb6c4 1
1 281 0 c00d01e6 1
1 35 0 c0031b6c 1
1 0 0 c081b73a 296
1 281 1 6900ab8c 5
1 281 1 690184b6 3
1 281 0 c0817f3e 3
1 35 0 00000000 4
1 281 1 6901a586 1
1 281 0 c0447bf4 6
1 281 0 c00c039a 3
1 281 1 69020884 4
1 281 1 69004884 1
1 281 0 c00c1374 1
1 281 1 69017700 1
1 281 1 69020982 1
1 35 0 c00492be 2
1 281 1 69004c3e 2
1 281 0 c00c7542 2
1 281 0 c044c8f4 5
1 281 0 c00c02ee 2
1 281 0 c0447c5a 4
1 281 0 c0817e88 1
1 281 1 6901f924 1
1 281 0 c044ab78 2
1 281 1 6901c0ca 2
1 281 1 6901d966 2
1 281 0 c00c754c 1
1 281 1 957610a4 6
1 281 0 c00d7202 2
1 281 1 69015360 1
1 281 0 c00d0870 1
1 281 1 69017f20 1
1 281 1 6900ab6e 1
1 281 0 c0078b0e 5
1 281 0 c00d07c4 1
1 281 0 c0077cd4 4
1 35 0 be0faaea 1
1 281 1 6901e894 1
1 281 0 c00c25d8 9
1 281 1 6901a54a 1
1 281 1 6901f8fc 2
1 281 1 690208ea 1
1 281 0 c00cfb3e 2
1 77 0 c081b73a 1
1 281 1 6901db80 1
1 35 0 be4246c6 1
1 281 0 c0041af2 1
1 281 0 c00cfbc2 3
1 281 1 6901e89e 1
1 281 0 c00d09fc 2
1 35 0 a11bb286 1
1 281 1 69019bf0 2
1 281 1 690055ea 4
1 0 0 c007e336 21
1 281 0 c00d0238 3
1 281 0 c084c466 2
1 35 0 be0f4fa6 2
1 281 1 690048c2 1
1 281 1 690208c2 2
1 281 1 95763524 116
1 281 1 957676c4 1
1 35 0 a11bd514 1
1 281 1 69017ef8 2
1 281 0 c00d72ec 11
1 281 1 690048cc 2
1 281 1 6901b0a0 1
1 281 0 c00d0196 1
1 281 1 690183c4 3
1 35 0 be077064 1
1 35 0 a11bcc4a 1
1 281 1 690194ba 2
1 281 1 6901d42c 1
1 281 1 957610e2 4
1 281 0 c01c2cc8 5
1 35 0 c0030276 2
1 281 0 c00cfca2 1
1 281 1 6901ac3a 1
1 35 0 a11bcc40 1
1 281 1 95755068 1
1 281 0 c0817ee4 7
1 281 1 690194c4 2
1 281 1 6901e52c 1
1 281 0 c0447b9a 81
1 281 1 690085fc 1
1 281 1 95762c44 1
1 281 0 c01c2c44 3
1 281 0 c00726cc 5
1 35 0 c084c528 1
1 35 0 be0fb70c 1
1 281 0 a11c1d68 1
1 281 1 69013692 3
1 281 1 690046fa 1
1 281 1 6901a50e 1
1 281 1 69019f96 1
1 281 0 c08721c4 1
1 35 0 c0857106 1
1 35 0 c01c5758 1
1 281 1 9575eee2 1
1 281 0 c08266ae 2
1 281 0 c00d0294 1
1 281 0 c0072620 2
1 281 1 690044c2 1
1 35 0 c00721ba 1
1 281 1 957655b8 1
1 281 1 6900abac 1
1 281 0 c00d7f5e 1
1 281 1 6902021a 1
1 281 1 69004704 2
1 281 0 c00d09c0 3
1 281 0 c0447c14 2
1 35 0 be425a00 2
1 281 0 c00d0070 2
1 35 0 c0824f1a 1
1 35 0 c01c8c5e 2
1 281 1 69019df6 1
1 281 0 c00d72a6 2
1 35 0 c005599a 1
1 281 1 690085ca 1
1 0 0 c0051770 1
1 281 0 c00d718a 3
1 281 1 6900ab84 1
1 281 0 c01b2504 1
1 281 1 69018662 2
1 281 1 69014890 3
1 281 1 69018802 1
1 281 0 c02c9264 1
1 281 1 6900ab8e 2
1 281 1 690184b8 1
1 281 0 c00cfbf6 1
1 281 1 6901f93a 1
1 35 0 c00721e2 1
1 281 1 957610a6 2
1 281 0 c00d0a12 2
1 35 0 a11bb482 1
1 281 1 6901b05a 3
1 281 1 6900490a 2
1 281 0 c01b24f0 2
1 281 0 c00d087c 3
1 281 1 69018532 1
1 281 0 c0072602 1
1 281 1 6901e602 4
1 281 0 c081c416 1
1 35 0 be093618 1
1 281 1 69008644 1
1 35 0 a11bb126 1
1 35 0 c00484d8 2
1 281 1 6901a0fa 3
1 281 0 c00c25e4 1
1 281 1 69004742 3
1 281 0 c0817e80 1
1 35 0 be07be4e 1
1 281 0 c0072192 1
1 281 0 c00c1614 1
1 281 0 c00725ee 1
1 0 0 c084b87c 2
1 281 1 9576278e 1
1 281 0 c0077bb0 6
1 281 0 c00d7a94 1
1 0 0 c00517b6 1
1 281 1 69008a82 1
1 281 0 c0824ffa 30
1 281 0 c00c25da 1
1 35 0 be078a5a 1
1 281 1 6901f8fe 1
1 281 0 c085726a 4
1 281 0 c00be77a 1
1 35 0 c0854342 1
1 281 0 c00c15f6 3
1 281 0 c00c1782 3
1 281 0 c00d09d6 1
1 281 0 c0854342 7
1 35 0 be07ef20 1
1 281 1 690150ee 1
1 281 1 69004570 1
1 35 0 c0824ffa 99
1 281 1 69006384 2
1 0 0 c00517ca 1
1 281 1 69009b50 1
1 35 0 a11b86aa 1
1 281 1 69008a5a 2
1 281 0 c007203a 2
1 281 1 9575e882 1
1 281 1 69017ef0 1
1 281 0 c0817ef0 1
1 281 1 690032e4 2
1 35 0 a11bb14e 1
1 35 0 be0935aa 1
1 281 1 69017ee6 1
1 281 0 c00be7d6 1
1 281 0 c044c934 1
1 281 1 6901a7d6 1
1 281 1 690208a6 1
1 281 0 c006a748 1
1 281 1 95767a6c 1
1 35 0 be078e64 1
1 35 0 a11be78e 1
1 281 0 c0078ad4 1
1 281 1 69014a46 1
1 35 0 c081b772 1
1 281 0 c0447c0c 1
1 281 0 c00c1764 1
1 35 0 a11bccc4 1
1 281 1 69020682 1
1 35 0 c084d9d8 1
1 281 1 6901d9a6 1
1 281 1 6901af86 3
1 281 0 c00c13a0 1
1 35 0 be0e29b2 1
1 281 0 c0826636 1
1 281 1 6900637a 2
1 0 0 c081b7a6 1
1 281 1 69019ce6 1
1 281 1 957610c6 1
1 0 0 c084b8c2 4
1 281 0 c00d028c 2
1 281 0 c00c163e 1
1 281 1 6901370e 2
1 281 0 c00c186c 2
1 281 1 6900ab90 1
1 35 0 a11b9118 1
1 281 1 6900865a 1
1 281 1 6901d97e 1
1 35 0 be104d36 1
1 281 1 6901d992 1
1 281 0 c081b7a6 1
1 35 0 a11b9798 1
1 281 0 c00c17e8 1
1 281 0 c00d017a 1
1 35 0 a11bb26c 1
1 35 0 a11bce52 1
1 35 0 c0438b26 1
1 0 0 c007e2f6 1
1 281 1 690176fa 1
1 281 0 c0825d42 2
1 281 1 6900ab7c 1
1 281 1 9575e688 1
1 281 0 c0072124 1
1 35 0 a11bca00 1
1 281 0 c044c99a 1
1 281 0 a11b85c2 1
1 281 0 c00cfd8e 4
1 281 0 c00cfad2 2
1 281 0 c00d7ad2 3
1 281 1 6902087e 3
1 281 1 69018b3a 3
1 281 1 690030e0 1
1 281 0 c0817e8c 1
1 35 0 c00491ce 2
1 281 0 c081b658 1
1 281 1 6902097c 1
1 35 0 c081c87e 1
1 281 1 6901c632 2
1 281 0 c00d00ba 1
1 0 0 c084b866 13
1 35 0 a11bd8f0 3
1 281 0 c00d71f2 1
1 281 0 c0078b1c 1
1 281 1 69017420 1
1 281 1 9575e674 1
1 281 0 c00d025a 2
1 281 1 6901a8a2 1
1 35 0 a11bb294 1
1 281 1 69004c42 1
1 281 1 6901c6ca 4
1 281 1 6901efce 2
1 281 0 c00d08f8 1
1 281 0 c00cfd7a 3
1 281 1 690063c2 2
1 281 0 c00d0362 1
1 281 1 6901a3a4 1
1 35 0 c081b7a6 5
1 281 1 6901de2c 1
1 35 0 a11bb22e 2
1 281 0 c01c4a7a 4
1 281 0 c0077bb2 1
1 35 0 be425a0c 6
1 35 0 be0fab02 1
1 281 0 c00c1346 1
1 281 0 c00c1602 2
1 281 0 c0078b12 1
1 281 1 6901850c 1
1 281 0 c00d01c2 2
1 35 0 be077108 1
1 281 1 69020004 1
1 281 1 690053b6 1
1 281 0 c00c1672 2
1 35 0 c08721b4 1
1 281 0 c081b486 2
1 281 1 69015328 1
1 281 0 c00d71ca 1
1 281 1 9575ee80 1
1 281 0 c082664c 1
1 35 0 be425a0e 2
1 281 1 69003034 1
1 281 1 95755104 2
1 281 1 95761104 1
1 0 0 c081c416 1
1 281 1 69014842 1
1 281 0 c087216c 1
1 35 0 be0768c2 1
1 281 1 69008afe 1
1 281 1 6900b402 2
1 35 0 c00491d0 1
1 281 1 6901e884 2
1 281 1 95762b40 1
1 281 0 c00d01ae 3
1 281 1 9572178e 5
1 281 0 c00cfba8 1
1 35 0 a11b9142 1
1 281 1 6901f2e6 1
1 35 0 c044a238 1
1 281 1 6901fff0 1
1 35 0 a11bd994 1
1 281 0 c00d0330 2
1 281 1 69015398 2
1 281 1 690153ac 1
1 281 1 9576350a 2
1 281 1 6901ef04 2
1 281 0 c0826642 2
1 281 0 c0072642 1
1 281 1 69009ac4 1
1 0 0 c081c802 4
1 281 1 690173ee 1
1 281 1 957610e6 1
1 281 1 69018782 1
1 281 1 957655bc 19
1 281 0 c0817ec0 1
1 281 1 6901b086 1
1 281 0 c00d017c 1
1 35 0 be0dd174 1
1 281 1 690032b4 5
1 281 0 c00c1384 2
1 281 1 69017f44 2
1 281 0 c00c1882 1
1 281 0 c007262e 1
1 35 0 be425a2c 1
1 281 0 c00cff58 3
1 281 1 69013696 1
1 281 1 6901527c 1
1 35 0 be07fafc 1
1 281 1 69014ea4 1
1 35 0 a11bcd9c 1
1 281 1 957610d2 1
1 281 1 6901a3f6 2
1 281 0 a11c1d4e 2
1 281 1 69020396 2
1 281 0 c081c880 3
1 281 1 69013ad4 1
1 281 1 69003818 1
1 35 0 a11bb74c 2
1 281 1 69017f30 1
1 35 0 be104dba 1
1 281 0 c00c17cc 5
1 35 0 be0fb8e2 1
1 281 1 6900ab92 1
1 281 1 69020172 1
1 281 1 6901d496 2
1 281 0 c006a72c 8
1 0 0 c007e5ba 11
1 35 0 be078b82 2
1 281 0 c00cfa50 3
1 35 0 be0fbf76 1
1 281 0 c00c07fc 2
1 281 1 6901a610 1
1 281 0 c0817f3a 2
