# timer-PC diagnostic; CPU PID USER PC HITS
# cpu=0 samples=2526 lost=0
0 221 0 be0daa86 1
0 221 0 a11bcea0 2
0 221 0 be1a7daa 1
0 221 0 be07fc0a 1
0 35 0 c081b73a 148
0 221 0 be0bab14 1
0 221 0 a11bd5b8 1
0 221 0 c0816e54 1
0 35 0 be078826 1
0 221 0 be0cf8ca 1
0 221 0 be0ab2c4 2
0 221 0 be0773e0 20
0 221 0 be0d9ab6 2
0 35 0 be083730 1
0 221 0 a11b9306 1
0 221 0 be0cfdb4 2
0 221 0 be08a48a 1
0 221 0 be0ab236 6
0 221 0 be42470e 2
0 221 0 be0d0f42 1
0 221 0 c0816ef6 1
0 221 0 be1ab1b2 1
0 221 0 be07d888 1
0 221 0 be1aad56 1
0 35 0 be0801ba 1
0 35 0 be078a7c 2
0 221 0 be08d296 1
0 221 0 be0d9aca 1
0 35 0 be08302c 1
0 221 0 c044c834 2
0 221 0 2f81d5e0 1
0 221 0 be06fcb6 2
0 221 0 c005649e 2
0 221 0 c0816f8e 1
0 35 0 a11bcdbc 1
0 221 0 be0d9a3c 18
0 35 0 c0851790 31
0 221 0 a11b8946 1
0 221 0 be076aa4 5
0 0 0 c084b882 1
0 35 0 c0055a6a 4
0 35 0 a11b97ae 1
0 221 0 be0787e4 1
0 221 0 a11bd84c 8
0 221 0 be0cf80a 8
0 221 0 c0817ac6 1
0 221 0 be0cfac6 2
0 35 0 a11bd9dc 1
0 35 0 c0824eec 1
0 35 0 c0056448 1
0 221 0 a11b9730 2
0 35 0 a11b9ed0 1
0 221 0 be0bbb4a 1
0 35 0 be078b1e 1
0 221 0 be08a71e 1
0 221 0 be08af52 1
0 35 0 c0817902 1
0 221 0 a11be118 1
0 221 0 be085022 2
0 221 0 be093814 1
0 221 0 c0817ad0 1
0 221 0 be0cfe9e 6
0 221 0 c081c416 1
0 221 0 be08559a 1
0 221 0 c00484a4 6
0 221 0 be0d04a4 1
0 221 0 a11bd7c8 1
0 35 0 c0872112 3
0 221 0 be0bba4c 7
0 221 0 c0072122 1
0 221 0 a11bcc5e 1
0 35 0 be0d656e 1
0 221 0 c0817562 2
0 221 0 be1aa69a 2
0 35 0 c0856fda 1
0 221 0 be1a6b84 1
0 221 0 c081756c 1
0 221 0 be0dd986 1
0 221 0 c00721ba 1
0 221 0 be07684e 3
0 221 0 c01c5758 4
0 221 0 be0cf8b6 1
0 221 0 be1a7b72 1
0 35 0 be07cbb6 1
0 35 0 a11bb05e 1
0 221 0 c007212c 1
0 221 0 a11bd5ae 1
0 221 0 a11bd86a 1
0 35 0 be085126 1
0 221 0 be0baaba 1
0 35 0 a11b8ef8 1
0 221 0 be07f982 2
0 221 0 be0855ec 1
0 221 0 be06fcc2 3
0 221 0 be0ab144 2
0 221 0 c02c92a2 4
0 221 0 be0bba94 2
0 221 0 c0817a94 1
0 221 0 c081c840 4
0 221 0 be1a70ca 5
0 221 0 c08178fe 15
0 221 0 a11bdfd4 2
0 221 0 be0d050a 1
0 221 0 a11b8a82 1
0 221 0 c0824ffa 60
0 35 0 be078b16 1
0 221 0 be0d9aea 1
0 221 0 a11b9eb8 1
0 35 0 c084c51a 1
0 35 0 c0824eee 1
0 35 0 a11be818 1
0 221 0 be1aa4be 2
0 221 0 be1a7526 2
0 35 0 a11bb0da 1
0 221 0 be083390 4
0 35 0 be104cde 5
0 35 0 c0816e3c 1
0 221 0 be1a7f9c 2
0 221 0 a11b8a8c 1
0 221 0 be0bbaa8 1
0 221 0 a11b9ec2 1
0 35 0 be06f55e 4
0 221 0 a11b9fde 1
0 221 0 be1a75be 1
0 221 0 c084d9d8 1
0 221 0 be1aa20c 1
0 221 0 a11b92ca 1
0 15 0 c0821f32 1
0 221 0 a11b8a08 1
0 221 0 a11bccc4 1
0 221 0 be0cfabc 1
0 221 0 a11b9ed6 1
0 221 0 be08a70a 1
0 221 0 be0774b6 6
0 221 0 c084bfa6 2
0 221 0 be1aafc2 1
0 221 0 be085120 1
0 221 0 c0816fc2 1
0 35 0 be0774c6 3
0 221 0 be089ecc 1
0 35 0 be078b34 2
0 279 0 c00a2522 1
0 221 0 a11be188 2
0 221 0 be0ce81c 3
0 221 0 be0d0c36 1
0 35 0 be104cf2 1
0 221 0 a11be142 2
0 221 0 c0872142 1
0 221 0 c0072142 1
0 221 0 a11b9308 1
0 221 0 be0ab2c6 1
0 35 0 a11be84a 1
0 221 0 be1a6cc0 2
0 35 0 a11bb572 1
0 221 0 be08334a 5
0 221 0 be0cf8c2 1
0 221 0 c08178c2 2
0 221 0 c081c3b2 1
0 35 0 a11b9f92 23
0 221 0 be0bb242 1
0 35 0 be0768ce 1
0 221 0 be1aa14c 1
0 221 0 be09ea9c 3
0 35 0 c0824f16 1
0 35 0 a11bcf16 1
0 35 0 be07cc5a 2
0 221 0 be0d9ab8 20
0 221 0 c08178cc 1
0 35 0 c00555aa 1
0 35 0 c00492ee 1
0 221 0 c00484d8 2
0 35 0 be083726 1
0 221 0 be420086 1
0 221 0 c0854342 2
0 221 0 be42471a 1
0 35 0 be0ab954 1
0 221 0 be0db624 1
0 221 0 a11b8a5a 4
0 221 0 be1a6bb8 2
0 221 0 c007203a 2
0 221 0 be0bc570 2
0 221 0 be1aaf02 2
0 35 0 c00555be 1
0 221 0 be07d214 1
0 221 0 be42578c 1
0 221 0 be06fcb8 1
0 221 0 be0babc2 2
0 221 0 be0ab13a 1
0 221 0 be0cfa8a 1
0 221 0 be0bba8a 1
0 221 0 a11bdbe8 1
0 221 0 c084c002 1
0 35 0 be08308a 1
0 221 0 a11bcc4c 1
0 221 0 be1a7c72 7
0 35 0 c0817aec 1
0 221 0 be0d04a6 5
0 221 0 be0829d2 1
0 221 0 c08174c2 1
0 221 0 be07fa3a 1
0 221 0 c084bfb2 1
0 221 0 be07fb56 2
0 35 0 be0ab94c 1
0 35 0 a11bca42 1
0 35 0 be06f56a 1
0 35 0 c04383a4 2
0 221 0 be0cf792 1
0 221 0 a11bd8f0 77
0 35 0 be4258f6 1
0 221 0 c084bfc6 1
0 221 0 c0072124 2
0 221 0 be0cffc6 1
0 221 0 a11bcd72 1
0 35 0 c00721b8 1
0 221 0 be06f55a 1
0 221 0 c0816f54 1
0 221 0 be0774cc 2
0 221 0 be1a7a44 1
0 221 0 be076af8 1
0 221 0 a11bcc56 1
0 221 0 be07732c 3
0 221 0 be0ab8a4 20
0 221 0 c0816eda 1
0 221 0 c00484ba 1
0 221 0 be0d04ba 1
0 35 0 a11bb3e8 1
0 221 0 a11be1bc 2
0 35 0 be07be4a 1
0 35 0 be093504 3
0 221 0 be0bbadc 6
0 221 0 c0817adc 2
0 221 0 a11b8b44 1
0 221 0 be0bab02 2
0 221 0 be076b02 3
0 221 0 be425a0c 1
0 221 0 be0bac28 3
0 35 0 be424702 2
0 221 0 be07f9d4 2
0 221 0 c0817af0 10
0 221 0 a11bce14 4
0 221 0 c081b7a6 1
0 221 0 a11bdbc0 1
0 221 0 be0767c2 1
0 35 0 be082f82 3
0 221 0 c0817ae6 1
0 221 0 c0816e56 4
0 221 0 c0816fb0 1
0 35 0 c0031b60 2
0 35 0 c081748a 3
0 221 0 be0d6432 1
0 221 0 be0d1080 2
0 35 0 a11bb3fc 2
0 221 0 a11bdfcc 2
0 221 0 be0d0502 3
0 221 0 c01c4a7a 2
0 221 0 a11bca7a 1
0 221 0 be083150 1
0 221 0 be0cfb38 1
0 221 0 be1aaa42 1
0 221 0 be0d9a68 1
0 221 0 a11b8972 1
0 221 0 be1a75c0 1
0 221 0 be4252b8 1
0 221 0 c044a320 2
0 221 0 be08a6f8 3
0 221 0 a11bcd40 1
0 221 0 c0048492 4
0 221 0 a11b8a0a 2
0 221 0 c081b658 1
0 35 0 c08720ec 4
0 221 0 a11bdfea 1
0 0 0 c0448556 5
0 221 0 be06fc54 1
0 221 0 a11bca00 1
0 35 0 c0438366 2
0 0 0 c0824bea 1
0 221 0 be42002c 1
0 221 0 be08a702 1
0 221 0 be1aa9be 1
0 35 0 a11b8b02 1
0 221 0 be0ab178 1
0 221 0 a11bca14 1
0 221 0 c0816e2e 1
0 221 0 c08174b8 3
0 221 0 be07fa30 1
0 221 0 be0cffa8 1
0 221 0 be1aa93a 1
0 221 0 be0bb802 4
0 221 0 be0cf802 3
0 221 0 be0bbabe 9
0 221 0 be07fabe 1
0 221 0 c0817abe 1
0 35 0 c0824eda 1
0 221 0 be0d9aba 1
0 221 0 be083a78 1
0 221 0 be0da982 1
0 221 0 c081b7b2 1
0 221 0 c084bfe6 1
0 221 0 be425a2c 1
0 221 0 be0803be 4
0 221 0 2f81d5da 1
0 0 0 c081b73a 165
0 221 0 be0773ee 1
0 35 0 00000000 11
0 221 0 c0816f92 1
0 35 0 a11bb510 1
0 221 0 be08384a 2
0 221 0 be1a7b06 1
0 221 0 be0cfdc2 2
0 221 0 be1a7dc2 1
0 221 0 a11b89ce 1
0 221 0 be07d202 1
0 35 0 a11bb142 3
0 221 0 c081b486 2
0 35 0 be07d230 1
0 221 0 c084c004 1
0 221 0 c081c3d2 1
0 221 0 be07f970 6
0 221 0 be07fd52 1
0 221 0 a11b9eb0 1
0 35 0 c005e894 3
0 221 0 be0bc586 1
0 221 0 be08a6e4 1
0 221 0 c081c842 1
0 191 0 c00cd1aa 1
0 221 0 be080afe 1
0 221 0 be0cfa08 1
0 221 0 be0d9b66 1
0 221 0 be1a75ac 7
0 35 0 c005eac2 1
0 221 0 be0cf8ec 16
0 221 0 c08178ec 1
0 35 0 be07cb9c 1
0 221 0 be0803dc 1
0 35 0 c08720ee 1
0 221 0 be07f97a 1
0 221 0 c044a238 3
0 35 0 a11bb202 1
0 221 0 be0ab8a6 1
0 221 0 be1a7b62 1
0 221 0 be07634a 2
0 35 0 c0055a82 1
0 221 0 be0cfea2 1
0 221 0 be0bac9a 1
0 221 0 be07d1da 2
0 221 0 be0ab8b0 1
0 221 0 be425a0e 1
0 221 0 c08178b0 1
0 35 0 be0d4400 1
0 221 0 a11b89a6 2
0 221 0 be0d04b2 1
0 221 0 c0816e44 1
0 221 0 c0817ade 5
0 221 0 c006a72c 4
0 35 0 c0072190 1
0 221 0 be1aaca4 1
0 221 0 be083794 2
0 221 0 a11bd8f2 3
0 221 0 be0dd8f2 2
0 35 0 c0438b40 1
0 221 0 be0ab8ba 1
0 221 0 be0cf8ba 1
0 221 0 be0ce7c4 7
0 221 0 a11bd5bc 1
0 221 0 be08371a 1
0 0 0 c007e336 27
0 221 0 be0ab114 5
0 221 0 be0bb3d0 1
0 221 0 be0ab948 5
0 15 0 c0821f34 1
0 221 0 be0bba5a 1
0 221 0 be1a7fd2 1
0 221 0 be0bac20 1
0 221 0 c0817454 3
0 35 0 be0ab8aa 1
0 221 0 be06f570 1
0 221 0 c02c927c 2
0 221 0 be08d27c 1
0 221 0 be0d9b3e 2
0 221 0 be1a6ba6 3
0 35 0 a11bd514 1
0 221 0 be0cffdc 1
0 221 0 be07faf2 1
0 221 0 be1a806a 1
0 35 0 a11bd7c8 2
0 35 0 c01c8cd8 9
0 221 0 be0d9aee 1
0 221 0 be1aa4c2 1
0 221 0 be0cfaa2 1
0 221 0 be07689a 1
0 35 0 c0030276 2
0 221 0 c0817902 4
0 221 0 be1a7a28 1
0 221 0 c01c4a90 2
0 221 0 be1aabee 1
0 221 0 a11b9ed0 4
0 35 0 a11bd9ec 1
0 221 0 c0056448 1
0 15 0 c081b73a 1
0 221 0 be0bb5c2 2
0 221 0 be0cfb3a 3
0 221 0 be0d0ba2 7
0 221 0 be0d9a6a 3
0 221 0 be08bd7c 1
0 35 0 a11bd5ae 2
0 221 0 be0cf776 1
0 221 0 be07fa32 4
0 221 0 be1a7a32 1
0 35 0 c007212c 1
0 35 0 a11ba12c 1
0 221 0 be0cf892 12
0 221 0 c084d9f0 2
0 221 0 be0d9962 4
0 35 0 c01c5758 3
0 221 0 be077310 4
0 35 0 be0d6592 1
0 221 0 be0da93c 1
0 221 0 be0ab170 1
0 221 0 be08558a 6
0 221 0 c0856fda 1
0 221 0 be1a7208 8
0 35 0 be425a00 1
0 35 0 a11b9744 2
0 221 0 be077324 1
0 35 0 c0824f1a 2
0 35 0 c01c8c5e 1
0 221 0 c0816ebe 3
0 35 0 be07c5ca 1
0 221 0 c08178da 1
0 221 0 be1aa7e4 1
0 221 0 a11b8942 2
0 35 0 c005599a 2
0 221 0 be0d9ac6 1
0 221 0 a11b89d0 1
0 0 0 c0051770 2
0 221 0 be083362 1
0 221 0 be42471e 1
0 221 0 be1aa87c 1
0 35 0 c0030294 4
0 221 0 be0d9a42 3
0 221 0 be1a8118 1
0 221 0 be07f972 1
0 221 0 be0bbc2e 5
0 221 0 c081b73a 107
0 221 0 c00484e6 1
0 35 0 c08721c4 1
0 221 0 be0cf7c8 1
0 221 0 be0bba84 1
0 221 0 c0817a84 1
0 221 0 be083376 1
0 221 0 be0bb376 1
0 221 0 be0cfa0a 1
0 35 0 be096a16 1
0 35 0 c005649e 2
0 221 0 be091562 1
0 221 0 c0816f9e 1
0 221 0 c081725a 3
0 221 0 be1a7a00 7
0 221 0 be0d0c12 5
0 35 0 c01c8c90 2
0 35 0 be083240 1
0 221 0 be0ab152 1
0 221 0 be0d9ae4 1
0 221 0 c02c9222 2
0 35 0 c007214a 1
0 35 0 a11b9804 1
0 221 0 be076cec 6
0 221 0 a11b9eb2 3
0 221 0 a11ba16e 1
0 221 0 be08a6e6 3
0 221 0 be0da9a2 1
0 35 0 be093618 1
0 221 0 be0d99c8 3
0 221 0 be4259c8 2
0 221 0 be0bba52 1
0 221 0 be1a7a52 1
0 35 0 a11bcd0c 1
0 35 0 c00484d8 1
0 221 0 be0855aa 1
0 221 0 be07d866 2
0 221 0 be080e92 2
0 221 0 be0d9982 1
0 221 0 be08a472 2
0 221 0 a11bcc5a 2
0 221 0 be08a47c 1
0 221 0 be0da3ee 1
0 221 0 a11b9f92 34
0 221 0 a11bce9c 1
0 35 0 be07d1ec 1
0 221 0 c0817aea 1
0 221 0 a11be1c0 2
0 221 0 a11be84a 1
0 221 0 be0ab8b2 2
0 35 0 c0072142 2
0 221 0 be07faf4 4
0 221 0 c00721ca 2
0 221 0 c006a742 1
0 221 0 be0cf7aa 1
0 221 0 c081b60a 2
0 221 0 c0816e5a 1
0 221 0 c084bfde 1
0 221 0 a11bd5be 1
0 221 0 be0cf842 3
0 221 0 be0cfdba 1
0 221 0 be1a6cc4 1
0 221 0 c0816f80 1
0 35 0 c007203a 6
0 35 0 be078a5a 1
0 35 0 c0824ec0 1
0 35 0 c0854342 3
0 221 0 be07d884 1
0 221 0 be1a8142 1
0 221 0 c084c51a 3
0 35 0 be07ef20 2
0 221 0 be0bab62 1
0 35 0 c0824ffa 366
0 35 0 be078a82 3
0 0 0 c00517ca 2
0 221 0 be081f56 1
0 221 0 c081727a 1
0 221 0 a11b8a0e 2
0 221 0 c0816e28 2
0 221 0 be07fe90 1
0 221 0 c08174bc 1
0 35 0 be0ab144 1
0 221 0 be0cffac 1
0 221 0 be1aa93e 1
0 221 0 be08558c 1
0 221 0 be07fab8 1
0 221 0 be1a7fa2 1
0 221 0 a11bcc3c 6
0 35 0 be0935aa 2
0 221 0 be0cfb46 2
0 221 0 be0d0bae 2
0 221 0 c00484a0 1
0 221 0 be0bb3aa 4
0 35 0 c0056444 1
0 35 0 a11b9ecc 1
0 221 0 be1ab20a 1
0 35 0 be082fc2 1
0 35 0 be078e64 1
0 221 0 c084bfb6 1
0 35 0 c084bfa6 1
0 221 0 be0cfac2 4
0 221 0 be0bbac2 2
0 35 0 c0438b24 1
0 35 0 a11bccc4 3
0 221 0 be080412 3
0 221 0 be06f55e 6
0 221 0 be1a7d92 1
0 221 0 c081c882 1
0 221 0 c0817214 1
0 221 0 be0cf78c 8
0 35 0 a11bb274 1
0 221 0 a11b9740 2
0 221 0 be1ab252 1
0 0 0 c081c3b2 1
0 0 0 c084b8c2 2
0 221 0 be1a71c4 2
0 0 0 c0051aae 2
0 35 0 be0801c2 1
0 221 0 c081c8c0 3
0 221 0 be0d9a3a 4
0 35 0 c0055a68 1
0 35 0 be07d234 2
0 221 0 be0855de 4
0 221 0 be0bb136 1
0 221 0 a11ba166 1
0 35 0 be0dda54 1
0 221 0 be086282 6
0 35 0 c0049220 1
0 221 0 a11b9788 5
0 221 0 be0cf8e6 1
0 221 0 be06fcbe 1
0 35 0 a11bce52 1
0 221 0 be0ab140 2
0 221 0 be0d99ca 8
0 0 0 c007e2f6 1
0 221 0 be4259ca 1
0 221 0 be08b382 3
0 221 0 c08178fa 1
0 221 0 be0803ea 1
0 221 0 c081c3ea 1
0 35 0 c08174b8 1
0 221 0 be0d04fc 6
0 35 0 c004849c 1
0 221 0 be1a7c3a 1
0 221 0 be0bba9a 2
0 221 0 be0cfa9a 1
0 221 0 a11b9eb4 1
0 221 0 be0cf750 2
0 221 0 be0803f4 1
0 221 0 a11b92bc 1
0 221 0 be08338c 6
0 221 0 be0d9a62 1
0 221 0 be0cfbc0 4
0 221 0 be0cf75a 1
0 35 0 c0055a72 1
0 221 0 be0db988 1
0 221 0 be06fc44 1
0 221 0 be1a7aa4 4
0 221 0 a11b9ebe 1
0 221 0 c007217a 2
0 221 0 be1aa436 1
0 221 0 c0816e52 3
0 221 0 be07feba 1
0 221 0 be07684c 1
0 221 0 be0cffd6 1
0 221 0 be08054e 1
0 35 0 a11bb210 1
0 0 0 c084b866 7
0 221 0 c00721b8 3
0 35 0 c0072124 2
0 35 0 a11bd8f0 5
0 221 0 be0767be 1
0 35 0 be07cce4 1
0 221 0 be06f56a 3
0 35 0 be0801f4 1
0 221 0 be0bb826 1
0 221 0 c0817ae2 2
0 221 0 be07636c 1
0 221 0 be0ab94c 1
0 221 0 be0ab234 2
0 221 0 be07fa68 5
0 221 0 be0da972 1
0 221 0 be07cad0 1
0 221 0 c0817462 1
0 221 0 c0817574 1
0 221 0 c0817aec 2
0 221 0 c00721c2 4
0 35 0 a11b91c4 1
0 221 0 be0cf8be 1
0 221 0 c08178be 1
0 221 0 be1aaa84 2
0 35 0 be07cc6a 1
0 221 0 be1a71b0 2
0 221 0 a11bd886 1
0 221 0 be0ab122 1
0 0 0 c081c8e2 1
0 221 0 c0816f82 1
0 221 0 be0bba72 1
0 35 0 c0825cd2 1
0 35 0 c08174ea 1
0 35 0 a11bb22e 1
0 35 0 c0817af0 4
0 221 0 be0cf956 1
0 221 0 be424702 7
0 35 0 be07696c 1
0 221 0 be083350 1
0 221 0 be081e96 4
0 35 0 be425a0c 1
0 221 0 c084c56c 1
0 221 0 be0cfb0a 2
0 221 0 c005649c 3
0 221 0 be08335a 3
0 221 0 be0bb35a 1
0 221 0 c01c5774 1
0 221 0 c081c3c2 1
0 221 0 be0803c2 4
0 221 0 be0ab2cc 2
0 221 0 c00484de 1
0 221 0 be0d0fce 1
0 35 0 be0ab196 1
0 221 0 be1aa4da 1
0 35 0 c0030284 2
0 35 0 be0d98f2 3
0 221 0 c0817542 1
0 221 0 be0bbc5a 1
0 35 0 be0832aa 1
0 221 0 be1a7a2c 1
0 221 0 be0ab16a 1
0 35 0 be07d1da 1
0 35 0 be0ab184 1
0 221 0 c0817ac4 1
0 221 0 be076e34 1
0 35 0 c02c9254 1
0 221 0 a11bcc48 5
0 35 0 c00491d0 3
0 221 0 be1a79a8 2
0 221 0 be1aa07e 1
0 35 0 c082a00a 1
0 221 0 be1a6b6e 1
0 35 0 c081c880 2
0 221 0 be0cfa36 1
0 221 0 be1a7a36 1
0 35 0 c044a238 4
0 35 0 a11bd994 1
0 221 0 be1a7b5c 3
0 221 0 be0bbb5c 2
0 35 0 c005ea8a 1
0 221 0 c00484ac 1
0 221 0 be1a6b82 3
0 221 0 be1a70fa 2
0 221 0 a11bd514 2
0 35 0 c081c89e 1
0 221 0 c0816ec2 3
0 279 1 691236d6 1
0 221 0 be1a7d8a 3
0 35 0 be0dd7f4 3
0 221 0 be0cf784 5
0 221 0 be0ab8aa 1
0 221 0 c08178aa 7
0 35 0 a11bce9a 1
0 35 0 be078e9a 1
0 221 0 a11b92f0 1
0 221 0 be08bc82 1
0 0 0 c081c802 1
0 221 0 be1a7104 4
0 35 0 be0fdaa6 1
0 221 0 be1a7a4a 3
0 221 0 c084bfc2 5
0 221 0 be0cffc2 2
0 221 0 be1a7fc2 2
0 221 0 be080ab2 1
0 221 0 be1aaecc 2
0 221 0 be0bb188 1
0 221 0 be0bb444 1
0 221 0 be0855a2 1
0 221 0 be080e8a 1
0 221 0 c0817ad8 1
0 221 0 be0babca 1
0 221 0 be1a7142 2
0 221 0 c02c92a0 2
0 221 0 be0bac58 1
0 221 0 be0bb85a 3
0 221 0 be0cfdd2 1
0 221 0 c00721ec 1
0 221 0 c081c8c2 1
0 221 0 c0817a88 4
0 221 0 be0cfa88 7
0 221 0 be1a6df8 3
0 221 0 be0cf752 6
0 221 0 c0817524 1
0 221 0 c084d93e 1
0 221 0 c0817a9c 1
0 221 0 c00721f6 1
0 35 0 c0055ad8 1
0 35 0 c08175a2 2
0 221 0 a11be20a 1
0 221 0 be0cf7ea 1
0 221 0 c0817aa6 1
0 221 0 a11b9ec0 1
0 35 0 c0854e48 1
0 221 0 be0d99cc 1
0 221 0 be07f98a 1
0 35 0 be104dba 1
0 221 0 be0bab50 2
0 221 0 be0cf7f4 1
0 221 0 c0817ab0 1
0 279 0 c00d5ce2 1
0 35 0 c08537d0 1
0 35 0 be093514 1
0 0 0 c007e5ba 20
0 221 0 be1a7bc2 1
0 221 0 a11bdfdc 1
0 221 0 a11be298 1
0 35 0 a11bb742 1
0 221 0 be07fc50 1
# cpu=1 samples=1309 lost=0
1 78 0 c081b73a 1
1 35 0 c081b73a 80
1 268 1 690b9694 1
1 268 0 c0824eee 1
1 268 1 690b7880 1
1 268 1 690b7396 2
1 268 0 c00d01d0 1
1 268 0 c081b4b2 1
1 268 1 690b1610 1
1 35 0 c005649a 1
1 268 0 c01c2d0c 4
1 268 1 956c06c4 1
1 268 0 c0072682 1
1 268 1 956bc524 21
1 0 0 c02b1f44 1
1 268 0 c00cfac2 1
1 268 1 6909ce74 1
1 268 0 c00cfb50 1
1 268 1 6909a2b4 1
1 35 0 a11bd33e 1
1 268 1 690b2086 1
1 35 0 c02c9222 1
1 268 0 c00cffb6 2
1 0 0 c084b878 1
1 35 0 be425702 1
1 35 0 c081b74e 1
1 35 0 c0851790 27
1 268 0 c00c1372 1
1 0 0 c084b882 12
1 35 0 c0055a6a 1
1 35 0 a11bd9dc 1
1 35 0 c0056448 1
1 268 1 690b78b2 1
1 268 0 c01c5754 1
1 268 0 c0078ac4 1
1 268 1 690b5f04 2
1 78 1 957926fa 1
1 268 0 a11c2020 1
1 268 0 c0817ec2 1
1 35 0 c0872112 1
1 268 0 c0041b36 2
1 35 0 a11b97c2 1
1 268 1 6909c3b6 1
1 35 0 be07d240 1
1 268 0 c00bff5a 3
1 268 1 690a2402 1
1 279 1 956ea1e4 1
1 35 0 c0438382 1
1 35 0 a11bb05e 1
1 35 0 c0030266 1
1 268 1 690b7614 2
1 268 0 c01b25ac 1
1 268 1 6909a034 4
1 35 0 a11b8ef8 1
1 35 0 a11bcc3c 1
1 268 1 690ae40c 1
1 268 0 c00d0080 1
1 0 0 c081c80a 1
1 268 0 c081b73a 54
1 0 0 c081c3ae 1
1 35 0 a11bca04 1
1 35 0 c084c51a 2
1 268 1 956bbc2e 2
1 268 0 c00cfc2e 2
1 35 0 c02c9238 1
1 268 1 956b7744 1
1 0 0 c02b0ea8 1
1 268 0 c00be76a 2
1 268 1 690b797c 1
1 268 0 c00d01b0 1
1 268 0 c00d07b6 1
1 268 1 690b5b68 1
1 268 1 6909a0e0 1
1 268 0 c00bff82 1
1 268 0 c00c7492 3
1 0 0 c081c3c2 1
1 268 1 6909d3c2 3
1 268 1 690b170c 1
1 35 0 c081e710 2
1 268 0 c00cfbb4 3
1 268 1 956ae0ea 1
1 35 0 c004924c 2
1 28 0 c00bd0f4 1
1 268 0 c00c752a 3
1 268 0 c00c75b8 1
1 35 0 a11b9f92 60
1 268 0 c00cfaac 2
1 268 1 690b19dc 2
1 268 1 6909cf7a 2
1 35 0 a11bcc5a 1
1 268 1 6909d008 1
1 268 1 690b4d4c 1
1 268 0 c0857282 1
1 268 1 6909f65a 1
1 268 0 c00725f2 3
1 268 0 c00c1846 1
1 268 0 c00cfd7c 1
1 268 0 c00d02f4 1
1 268 1 690b7892 2
1 35 0 a11bd302 1
1 268 0 c00d01e2 1
1 268 1 690ae3ce 1
1 268 0 c0872112 1
1 35 0 c006a742 1
1 35 0 c081c3ae 1
1 35 0 c006a73a 1
1 35 0 c00721c2 2
1 268 0 c084c466 3
1 268 0 c02c92a0 1
1 268 0 c00d0238 3
1 0 0 c081b76e 2
1 35 0 c005ea7a 1
1 268 0 c00d72ec 2
1 268 0 c0077bae 1
1 35 0 c087212a 1
1 35 0 c00721b8 1
1 268 1 690b36c4 2
1 268 1 6909f6c4 1
1 268 0 c00c07ba 2
1 268 1 6909a0e4 2
1 268 1 690af384 3
1 35 0 c081c3c2 1
1 35 0 be082f8c 1
1 268 0 c0077cd4 1
1 35 0 c005649c 1
1 191 0 c081b73a 1
1 35 0 c084c56c 1
1 268 0 c00cfbc2 1
1 268 1 690a2442 1
1 268 0 c00cfb3e 2
1 35 0 c0055b60 1
1 35 0 c081748a 1
1 35 0 c081c83c 7
1 268 0 c01c4a94 1
1 268 0 c00c02ee 1
1 268 0 c00cfaba 1
1 279 1 00010918 1
1 268 0 c044c8f4 1
1 268 0 c044ab78 1
1 268 1 690ae3d2 2
1 268 0 c081b4c8 1
1 268 0 c00c0302 1
1 0 0 c0448556 20
1 268 0 c044c996 1
1 0 0 c0824bea 4
1 268 0 a11b8768 1
1 268 0 c044ab82 1
1 268 1 690b2842 1
1 268 0 c0447bf4 1
1 268 0 c00d01fa 2
1 268 0 c0817f3e 2
1 268 0 c00674dc 2
1 268 1 690a1bb2 1
1 268 1 690b1c40 2
1 78 0 c01012aa 1
1 268 1 956ba0a6 1
1 78 1 69124e4e 1
1 268 0 c00d0292 1
1 0 0 c081b73a 266
1 268 1 690b198e 1
1 268 0 a11b915a 1
1 35 0 00000000 5
1 268 1 6909f94c 1
1 268 0 c00c0786 1
1 268 0 a11b8786 1
1 35 0 a11bb142 1
1 268 0 c00be488 1
1 35 0 c00492be 2
1 268 0 c00d0218 1
1 268 1 690bb2cc 2
1 268 1 690b7844 1
1 35 0 c005e894 1
1 268 1 690b3616 1
1 268 1 690b7616 1
1 0 0 c084b86a 1
1 268 0 a11c1e08 1
1 268 1 690b20c4 3
1 268 0 c00d71ba 1
1 268 1 956be5b8 2
1 268 1 690a238a 3
1 268 0 c00d022c 4
1 35 0 a11b91c0 1
1 35 0 a11bcc48 1
1 268 1 690af50e 2
1 268 1 956c0a6a 1
1 268 1 690af746 1
1 268 1 690b1070 1
1 35 0 a11bb286 1
1 0 0 c007e336 23
1 268 0 c00c7494 1
1 268 1 690bb382 3
1 35 0 a11bb784 1
1 35 0 c081b4c8 1
1 268 1 956bbc44 1
1 268 1 690af410 2
1 268 1 690a13ce 2
1 35 0 a11bd514 1
1 268 1 6909f648 1
1 268 0 a11b873e 2
1 268 1 956ae068 2
1 35 0 c01c8cd8 2
1 268 1 690b78c2 1
1 268 0 c00c1764 1
1 268 0 c0447c0c 1
1 35 0 c0854e82 2
1 268 1 6909c5ea 1
1 35 0 c0030276 2
1 268 1 6909d99c 1
1 268 0 c01b25a8 1
1 35 0 a11b9730 2
1 268 1 690aeef8 1
1 35 0 c005561e 1
1 268 0 c007203a 4
1 268 1 6909d31c 1
1 35 0 c01c5758 1
1 268 0 c0854342 3
1 35 0 c081c890 1
1 268 0 c01b25bc 2
1 268 1 956be5bc 6
1 35 0 be425a00 1
1 35 0 a11b9744 1
1 35 0 a11b86dc 1
1 35 0 c0824f1a 1
1 35 0 c01c8c5e 1
1 268 1 690a204e 1
1 268 0 c02c92a2 4
1 268 1 6909d074 1
1 0 0 c0051770 1
1 268 0 c0077bb0 1
1 268 0 c00c15f6 2
1 268 1 690b726a 2
1 268 1 690a1684 1
1 268 1 690b7642 1
1 35 0 c08721c4 1
1 268 0 c0824ffa 14
1 35 0 a11bb576 1
1 268 0 c081b75e 1
1 279 1 95734f9a 1
1 268 1 690bb302 1
1 268 0 c044a328 1
1 35 0 c081b622 2
1 268 1 690b2672 1
1 35 0 a11ba042 3
1 35 0 be083240 1
1 268 1 690ae700 2
1 35 0 a11bb72a 1
1 268 1 690b716c 1
1 268 1 690af4b6 1
1 268 0 c081c868 1
1 35 0 c0072038 1
1 35 0 c00484d8 4
1 268 0 a11b8756 1
1 35 0 c00721da 2
1 268 0 c081c416 1
1 268 0 c0072602 2
1 268 0 c01b24f0 1
1 268 0 c00d718a 2
1 268 1 690b3702 1
1 268 1 956bb790 1
1 268 1 690b72a6 2
1 268 0 c00d72a6 1
1 268 1 690a1404 1
1 268 1 690b04b8 1
1 268 0 c00d028a 1
1 268 0 c00d0802 1
1 268 0 a11b8802 1
1 35 0 a11b8a5a 1
1 268 1 690b1c42 1
1 35 0 c08537c4 1
1 268 0 c01c5758 1
1 35 0 c0854342 5
1 268 0 a11c1d5e 1
1 268 0 a11c1f08 1
1 268 0 c08721c4 3
1 35 0 c0824ffa 74
1 0 0 c00517ca 2
1 35 0 a11bb0ca 2
1 268 0 c00c0788 1
1 268 1 690b15c2 1
1 268 0 c00d0070 1
1 268 0 c00d09c0 1
1 268 1 956b7ed0 1
1 35 0 c0854ef2 1
1 35 0 a11b97b4 1
1 35 0 c081c868 1
1 268 0 c00d0224 1
1 268 0 c01c2c44 1
1 35 0 c084d9d8 1
1 268 1 6909a154 1
1 268 0 c0447b9a 56
1 268 0 c00cfb9a 1
1 0 0 c081b7a6 2
1 78 0 c0872064 1
1 0 0 c084b8c2 15
1 268 1 690b0df8 2
1 268 1 690a16ba 2
1 35 0 be07d234 1
1 268 0 c00c1748 1
1 35 0 a11b9118 1
1 268 0 a11c1d4e 3
1 268 1 690a1a92 1
1 268 1 690b0ce6 3
1 268 1 690b1030 1
1 268 0 c00cfa50 1
1 35 0 c0049220 1
1 268 1 6909a9e8 1
1 268 1 690b1f86 1
1 268 1 690b7682 1
1 35 0 c0438b26 1
1 0 0 c007e2f6 2
1 268 1 690a0b50 2
1 0 0 c0824c04 1
1 0 0 c0051782 3
1 35 0 be4258c8 1
1 268 1 690b5bc2 4
1 268 1 690b21c8 2
1 268 0 a11baa8a 1
1 268 1 6909a2e4 1
1 35 0 c0048492 1
1 268 0 c007262e 2
1 268 0 c00c1882 2
1 268 0 c01c2c34 1
1 35 0 be4258e6 1
1 35 0 a11bb210 1
1 0 0 c084b866 7
1 35 0 c0072124 1
1 268 1 690b5542 1
1 35 0 a11bd8f0 3
1 35 0 c085389a 1
1 268 0 c00d019a 1
1 268 1 6909a8fe 2
1 268 0 c0072642 2
1 0 0 c081c8e2 1
1 268 1 690b04ee 2
1 35 0 a11bb22e 1
1 268 0 c00d71ca 3
1 268 1 690b3630 1
1 268 0 c00d01ae 1
1 268 1 690b1938 1
1 268 1 690af40c 1
1 268 1 956bbc40 1
1 268 1 6909d942 1
1 268 1 690a1686 1
1 268 0 c00c75b6 1
1 268 0 c0447e78 8
1 268 0 c00d01c2 1
1 0 0 c081c416 5
1 35 0 c081c880 1
1 268 1 6909cf78 1
1 279 0 c081c8c0 1
1 35 0 c044a238 3
1 35 0 a11bd994 1
1 268 0 c00d07d2 1
1 268 0 c00d71f2 3
1 35 0 a11b90d2 1
1 268 1 956bbb42 1
1 268 0 a11c1d2e 1
1 268 1 690af4b8 2
1 35 0 a11bce9a 1
1 0 0 c081c802 3
1 268 1 690af802 1
1 268 1 690b0c42 1
1 268 1 690af662 1
1 268 0 c00725fa 1
1 268 1 6909b89a 1
1 268 1 690b150e 2
1 268 1 690b766c 1
1 268 0 c0825d42 1
1 268 1 690b0f96 2
1 0 0 c084b8c0 1
1 268 1 690b1858 2
1 268 0 c00c162a 1
1 268 0 c00cfd8e 2
1 268 0 c00d7ad2 1
1 268 1 690b1746 1
1 268 1 690b2008 1
1 268 1 956bc166 1
1 35 0 a11bcd9c 1
1 268 0 c00c07fa 1
1 268 1 690a1bac 2
1 35 0 c0854e48 1
1 268 1 690af3c4 1
1 268 1 690b79ca 1
1 35 0 be104dba 1
1 268 1 690b5bb6 2
1 35 0 a11bb0ae 3
1 279 0 c003aa8e 1
1 35 0 be4256f6 1
1 268 0 c00c17e8 1
1 0 0 c007e5ba 32
1 268 1 690b5648 1
1 35 0 c081b486 2
